,videoId,item_type,authorDisplayName,textDisplay,textOriginal,authorChannelUrl,likeCount,category,isBad
0,-DeStUcaA7s,0,구독 안하면 프사 니 미래 딸,UH Na-rak,UH Na-rak,http://www.youtube.com/channel/UC31jVYBcE2T5UZWWLw9b1Xw,3547,game,0
1,-DeStUcaA7s,1,ᄋᄋᄋ,@쭌하이tjwns_y 그 밑에 선넘는 잼민이들 때문에 삭제하는게 좋을듯....,@쭌하이tjwns_y 그 밑에 선넘는 잼민이들 때문에 삭제하는게 좋을듯....,http://www.youtube.com/channel/UCbRsLimeSU2fC49SzKwCxIA,1,game,0
2,-DeStUcaA7s,1,쭌하이tjwns_y,@ᄋᄋᄋ 넘었다면 삭제하겠습니다,@ᄋᄋᄋ 넘었다면 삭제하겠습니다,http://www.youtube.com/channel/UCzJ-u84wph0JOSYEdNT7emA,0,game,0
3,-DeStUcaA7s,1,ᄋᄋᄋ,@쭌하이tjwns_y 이거슨 선을 넘은것일까 안넘은것일까...,@쭌하이tjwns_y 이거슨 선을 넘은것일까 안넘은것일까...,http://www.youtube.com/channel/UCbRsLimeSU2fC49SzKwCxIA,0,game,0
4,-DeStUcaA7s,1,鷹山仁,조두순에서 파이로 바뀌는거 진짜 개너무하네 ㅋㅋㅋㅋ,조두순에서 파이로 바뀌는거 진짜 개너무하네 ㅋㅋㅋㅋ,http://www.youtube.com/channel/UClDhM4HSZrAAlc4_d1zL7UQ,0,game,0
5,-DeStUcaA7s,1,이현우,ㅋㅋㅋ닉네임 ㅋㅋ,ㅋㅋㅋ닉네임 ㅋㅋ,http://www.youtube.com/channel/UChZ7grZEFBlVypDz0VYPrSw,0,game,0
6,-DeStUcaA7s,0,랜덤큐장인포코,‘’UH NA GA’’,‘’UH NA GA’’,http://www.youtube.com/channel/UCHi8zl4UeCue7VSN1S1aPRA,197,game,0
7,-DeStUcaA7s,1,단화TV 내채널 들어오면 안돼,-😀-<br />헐 엄청 유명한 BIJ 역대급 너출<br />사고 터진거 같아ㅠㅠ내유튭에 볼 수 있는<br />좌표 올려뒀으니깐 짤리기전에 봐❤❤❤<br />🤫🤫🤫🤫🤫🤫🤫🤫🤫🤫🤫🤫🤫🤫,"-😀-
헐 엄청 유명한 BIJ 역대급 너출
사고 터진거 같아ㅠㅠ내유튭에 볼 수 있는
좌표 올려뒀으니깐 짤리기전에 봐❤❤❤
🤫🤫🤫🤫🤫🤫🤫🤫🤫🤫🤫🤫🤫🤫",http://www.youtube.com/channel/UCU8TzXr7gtoJCDzaBLUfgvg,0,game,0
8,-DeStUcaA7s,1,공항도둑vs파이 영상 내채널에 있어요,7771,7771,http://www.youtube.com/channel/UCRCQkKuIYcHeL_o6BdKwq8w,0,game,0
9,-DeStUcaA7s,0,탱구리,멀리까지 세탁해주러 온애를 다써먹고 방종후 뒷통수치는게 너무 역겹더라 진짜 토나올뻔,멀리까지 세탁해주러 온애를 다써먹고 방종후 뒷통수치는게 너무 역겹더라 진짜 토나올뻔,http://www.youtube.com/channel/UCWIYcfTwrBW4OzGY8klN-1Q,1404,game,0
10,-DeStUcaA7s,1,팀이,@?? 정공 심리학전공 라임 ㅅㅂㅋㅋㅋㅋㅋㅋㅋ,@?? 정공 심리학전공 라임 ㅅㅂㅋㅋㅋㅋㅋㅋㅋ,http://www.youtube.com/channel/UCXq7Tsq8WCle6WKUHUVw-5Q,0,game,0
11,-DeStUcaA7s,1,??,@성이름 ㅋㅋ정공새끼가 심리학전공한척하네,@성이름 ㅋㅋ정공새끼가 심리학전공한척하네,http://www.youtube.com/channel/UCf7pSxWjPOZJnAn_qJ7DRHA,0,game,0
12,-DeStUcaA7s,1,이준,@성이름 정신병 있음? 집에서 소설 적당히 보고 산책이라도 좀 하셈,@성이름 정신병 있음? 집에서 소설 적당히 보고 산책이라도 좀 하셈,http://www.youtube.com/channel/UCcoGmUiZzyA6OnSkpWYBdkg,2,game,0
13,-DeStUcaA7s,1,유정우,이게 팩폭 ㄹㅇ,이게 팩폭 ㄹㅇ,http://www.youtube.com/channel/UC8K9qBSbeNkNjAi0xp0hykA,0,game,0
14,-DeStUcaA7s,1,긱이괵에,@공항도둑vs파이 영상 내채널에 있어요 ㅉㅉ,@공항도둑vs파이 영상 내채널에 있어요 ㅉㅉ,http://www.youtube.com/channel/UCeoHBR0gWj49kAWOfuaZMSA,0,game,0
15,-DeStUcaA7s,0,보리보리쌀.,"이루리는 처음에 여자들 4명이서 자진퇴소 말 꺼내면서 협박했으면서 이제와서 박준형한테 돈줄테니까 자진퇴소하지 말라고 하네 ㅋㅋㅋ 진짜 내로남불<br />파이는 술퍼마시면서 빌런짓하고 담배는 ㅈㄴ관리하고 1,4번 탈락한 다음에 가오가이가 방쪽으로 가니까 의심되니까 ㅈㄴ뭐라고 하면서 이루리랑 파이는 이불들고 전력질주하면서 방쪽으로 들어가서 얘기하는데 ㅅㅂ 아무말도 못하게 하고 진짜 내로남불","이루리는 처음에 여자들 4명이서 자진퇴소 말 꺼내면서 협박했으면서 이제와서 박준형한테 돈줄테니까 자진퇴소하지 말라고 하네 ㅋㅋㅋ 진짜 내로남불
파이는 술퍼마시면서 빌런짓하고 담배는 ㅈㄴ관리하고 1,4번 탈락한 다음에 가오가이가 방쪽으로 가니까 의심되니까 ㅈㄴ뭐라고 하면서 이루리랑 파이는 이불들고 전력질주하면서 방쪽으로 들어가서 얘기하는데 ㅅㅂ 아무말도 못하게 하고 진짜 내로남불",http://www.youtube.com/channel/UCkM368SZhINnB5XNtf4iScQ,927,game,0
16,-DeStUcaA7s,1,보리보리쌀.,@익명 이놈 웃기네 ㅋㅋㅋㅋ 게임의 일부라면서 엄청 대응하고 있는데 여자 4명이서 집단퇴소하는건 너도 게임의 일부라고 못보나보지? ㅋㅋㅋㅋ 내가 언제 제작진 잘못 없다고 했냐? 지금 얘기하는 주 내용이 파이와 관련된 거니까 파이에 대한 집단퇴소 장면에 대해서 말하고 있는데 여기에 그럼 제작진 잘못도 있으니까 제작진한테도 뭐라고 해~ 식으로 말하네 ㅋㅋㅋㅋ<br />전체와 부분 논리좀 제대로 다시 공부좀 하고 와라 모르는게 있으면 배우기라도 해야지<br />제발 논점좀 흐리지 마라,"@익명 이놈 웃기네 ㅋㅋㅋㅋ 게임의 일부라면서 엄청 대응하고 있는데 여자 4명이서 집단퇴소하는건 너도 게임의 일부라고 못보나보지? ㅋㅋㅋㅋ 내가 언제 제작진 잘못 없다고 했냐? 지금 얘기하는 주 내용이 파이와 관련된 거니까 파이에 대한 집단퇴소 장면에 대해서 말하고 있는데 여기에 그럼 제작진 잘못도 있으니까 제작진한테도 뭐라고 해~ 식으로 말하네 ㅋㅋㅋㅋ
전체와 부분 논리좀 제대로 다시 공부좀 하고 와라 모르는게 있으면 배우기라도 해야지
제발 논점좀 흐리지 마라",http://www.youtube.com/channel/UCkM368SZhINnB5XNtf4iScQ,1,game,0
17,-DeStUcaA7s,1,익명,@보리보리쌀. 집단퇴소하고 게임 재시작을 제안한 제작진도 욕해야지 누가 먼저 게임 재시작을 요청했는지는 모르겠지만 제작진이 먼저 재시작을 요청했으면 제작진 잘못이 더 커보임,@보리보리쌀. 집단퇴소하고 게임 재시작을 제안한 제작진도 욕해야지 누가 먼저 게임 재시작을 요청했는지는 모르겠지만 제작진이 먼저 재시작을 요청했으면 제작진 잘못이 더 커보임,http://www.youtube.com/channel/UCG5zZEY8QHUbS_60aO99qFQ,0,game,0
18,-DeStUcaA7s,1,익명,@김정민 게임이 다 끝난 후의 일은 욕 먹어도 싸다니깐? 게임 안에서의 일로 악플 다는 사람들한테 얘기하는거,@김정민 게임이 다 끝난 후의 일은 욕 먹어도 싸다니깐? 게임 안에서의 일로 악플 다는 사람들한테 얘기하는거,http://www.youtube.com/channel/UCG5zZEY8QHUbS_60aO99qFQ,0,game,0
19,-DeStUcaA7s,1,익명,@보리보리쌀. 그런 역겨운 정치질도 게임의 일부라고 생각해야 한다고 ㅋㅋㅋ 게임에 왤케 과몰입해,@보리보리쌀. 그런 역겨운 정치질도 게임의 일부라고 생각해야 한다고 ㅋㅋㅋ 게임에 왤케 과몰입해,http://www.youtube.com/channel/UCG5zZEY8QHUbS_60aO99qFQ,0,game,0
20,-DeStUcaA7s,1,스릴공장,@구본기 5화부터 시작 됐으니 심각한 비난은 물론 잘못됐긴했음 그때는 다 까발려지지 않았으니 근데 이미 지금은 다 까발려진 상황에선 실드글로만 보이네요 ㅎ,@구본기 5화부터 시작 됐으니 심각한 비난은 물론 잘못됐긴했음 그때는 다 까발려지지 않았으니 근데 이미 지금은 다 까발려진 상황에선 실드글로만 보이네요 ㅎ,http://www.youtube.com/channel/UCMyHRneiGvJctl6MCdcXQnw,0,game,0
21,-DeStUcaA7s,0,가능성,"<a href=""https://www.youtube.com/watch?v=-DeStUcaA7s&amp;t=54m27s"">54:27</a> 여기서부터 전기 웃을 때마다 뱃살 들낙 하는 게 개웃김ㅋㅋㅋㅋㅋㅋㅋ 그러다 눈치보면서 옷 쭈뼛쭈뼛 정리하는 거 개귀욥",54:27 여기서부터 전기 웃을 때마다 뱃살 들낙 하는 게 개웃김ㅋㅋㅋㅋㅋㅋㅋ 그러다 눈치보면서 옷 쭈뼛쭈뼛 정리하는 거 개귀욥,http://www.youtube.com/channel/UCIGm3wdB1Nn7zyBDwiWXecQ,1011,game,0
22,-DeStUcaA7s,1,유니콘,바보같은 웃음이랑 뻘쭘하게 옷 정리하고 가리는거 진짜 개귀여움ㅠㅠㅠㅠㅠ,바보같은 웃음이랑 뻘쭘하게 옷 정리하고 가리는거 진짜 개귀여움ㅠㅠㅠㅠㅠ,http://www.youtube.com/channel/UCMXfTGqocyf4BdQSa0hkfPA,0,game,0
23,-DeStUcaA7s,1,팩트카진스키,다음부턴 저 안에 내복입고오겠노 ㅋㅋ,다음부턴 저 안에 내복입고오겠노 ㅋㅋ,http://www.youtube.com/channel/UCEysKA9US8Ao7DKpw-zD-AA,0,game,0
24,-DeStUcaA7s,1,난닥훈,존나겹노,존나겹노,http://www.youtube.com/channel/UC3VEuwmd6GYOh2DiJW9bE4A,0,game,0
25,-DeStUcaA7s,1,Blue,들락날락ㅋㅋㅋㅋㅋㅋㅋ,들락날락ㅋㅋㅋㅋㅋㅋㅋ,http://www.youtube.com/channel/UCWR3L0oUXGBXBEaT8WiJ4tw,0,game,0
26,-DeStUcaA7s,1,ᄏᄏ,귀여뷰ㅠㅠㅠ,귀여뷰ㅠㅠㅠ,http://www.youtube.com/channel/UCMVdXNrfdmVhvFTcq4KU9Tg,0,game,0
27,-DeStUcaA7s,0,롸잇,"전기가 혁준이한테 &quot;재밌었어&quot; 라고 말하는거 진심 멋있네. 리뷰할때 추하게 나가려고 했다 이러는데 누구보다 가장 쿨하고 멋있게 퇴소했음.<br />그 와 반대로 몇몇은 N빵, 집단퇴소 등등  겉으로는 착한척 정의로운척 하면서 개인적으로 그 분들이 가장 추했음","전기가 혁준이한테 ""재밌었어"" 라고 말하는거 진심 멋있네. 리뷰할때 추하게 나가려고 했다 이러는데 누구보다 가장 쿨하고 멋있게 퇴소했음.
그 와 반대로 몇몇은 N빵, 집단퇴소 등등  겉으로는 착한척 정의로운척 하면서 개인적으로 그 분들이 가장 추했음",http://www.youtube.com/channel/UCPxcxlwTceR3vD8ztpKBLlA,1390,game,0
28,-DeStUcaA7s,1,롸잇,@Estria Flegh 파이로 생각했구나ㅋㅋ 나는 이루리가 그런 생각 했을거같음,@Estria Flegh 파이로 생각했구나ㅋㅋ 나는 이루리가 그런 생각 했을거같음,http://www.youtube.com/channel/UCPxcxlwTceR3vD8ztpKBLlA,0,game,0
29,-DeStUcaA7s,1,Estria Flegh,파이는 상금 나눠먹어야 되는데 전기가 나가서 2천 깍여가지고 속으로 저 ㅅㅂㄹㅁ 하고 욕하고있을 듯,파이는 상금 나눠먹어야 되는데 전기가 나가서 2천 깍여가지고 속으로 저 ㅅㅂㄹㅁ 하고 욕하고있을 듯,http://www.youtube.com/channel/UCSupstnugCmruwOfykXFgOw,0,game,0
30,-DeStUcaA7s,1,ᄅᄋᄏᄏ댓글로만 구독자 319명 찍기#arcane freq,ㄹㅇㅋㅋㅋ,ㄹㅇㅋㅋㅋ,http://www.youtube.com/channel/UCx1WKVM7qjSWnlOT1ysGUMQ,0,game,0
31,-DeStUcaA7s,1,ᄋᄋ,니 악플도 추함,니 악플도 추함,http://www.youtube.com/channel/UCP__4TZijjgWJY--TYFhXGA,0,game,0
32,-DeStUcaA7s,1,Royal player,ㄹㅇ,ㄹㅇ,http://www.youtube.com/channel/UCISkuyueTIyy-RuZXe9AaUQ,0,game,0
33,-DeStUcaA7s,0,서성원,처음 봤을 때 8번 화내는게 리더격인 파이가 떨어진게 분해서 화내는 줄로만 알았는데 ㅋㅋㅋ 다 알고 나서 보니까 n빵하자 짜 놓고 지 먼저 편하게 퇴소한게 빡쳐서 화난거네 ㅋㅋ,처음 봤을 때 8번 화내는게 리더격인 파이가 떨어진게 분해서 화내는 줄로만 알았는데 ㅋㅋㅋ 다 알고 나서 보니까 n빵하자 짜 놓고 지 먼저 편하게 퇴소한게 빡쳐서 화난거네 ㅋㅋ,http://www.youtube.com/channel/UCO7ySjmOvdaGZeyyLTEiBaw,734,game,0
34,-DeStUcaA7s,1,이성민,@정다혜 걍 주네 안주네로 더이상 엮이기 싫어서 주고 손절 친듯,@정다혜 걍 주네 안주네로 더이상 엮이기 싫어서 주고 손절 친듯,http://www.youtube.com/channel/UCyaosMbhorrNjU4n9Cri5dQ,0,game,0
35,-DeStUcaA7s,1,익명,ㄹㅇㅋㅋ 아무리 같은 배를 탔다고 해도 파이 하나 떨어졌다고 왜 화내지 했음 ㅋㅋㅋ 입이 하나 줄어든건데,ㄹㅇㅋㅋ 아무리 같은 배를 탔다고 해도 파이 하나 떨어졌다고 왜 화내지 했음 ㅋㅋㅋ 입이 하나 줄어든건데,http://www.youtube.com/channel/UCG5zZEY8QHUbS_60aO99qFQ,1,game,0
36,-DeStUcaA7s,1,기끼기,ㄹㅇ 애초에 어떻게 이겼으니 다행이지 4명 남았으면 이성적으로 볼때 무조건 상금 반갈죽 나는데,ㄹㅇ 애초에 어떻게 이겼으니 다행이지 4명 남았으면 이성적으로 볼때 무조건 상금 반갈죽 나는데,http://www.youtube.com/channel/UC5BIJ6lj9NTjEdYm7ZLbu4A,1,game,0
37,-DeStUcaA7s,1,이의빈,나도 모를땐 왜저렇게화내지햇음ㅋㅋㅋ,나도 모를땐 왜저렇게화내지햇음ㅋㅋㅋ,http://www.youtube.com/channel/UCFd0KIqCpnhZjF8gTZTd-OA,2,game,0
38,-DeStUcaA7s,1,밝은별,ㅋㅋㅋㅋㅋㅋㅋ 시발 맞네 이 시궁창에서 4일이나 버티고 투표하면 욕받이도 해야되는데,ㅋㅋㅋㅋㅋㅋㅋ 시발 맞네 이 시궁창에서 4일이나 버티고 투표하면 욕받이도 해야되는데,http://www.youtube.com/channel/UCw55D5F6026O0KPpLmitmgQ,3,game,0
39,-DeStUcaA7s,0,ᅩᅮ ᅣ,"<a href=""https://www.youtube.com/watch?v=-DeStUcaA7s&amp;t=56m27s"">56:27</a> 여기 왜 다섯명이서 나란히 앉아있는거처럼 보이냐 ㅋㅋㅋㅋㅋ",56:27 여기 왜 다섯명이서 나란히 앉아있는거처럼 보이냐 ㅋㅋㅋㅋㅋ,http://www.youtube.com/channel/UCmvrFUrC7wlkh9bF73DjehQ,270,game,0
40,-DeStUcaA7s,1,엘리아,@단화TV 내채널 들어오면 안돼 인두로 지지는거 있음?,@단화TV 내채널 들어오면 안돼 인두로 지지는거 있음?,http://www.youtube.com/channel/UCMsID9eCJmxArszAe29hmAg,0,game,0
41,-DeStUcaA7s,1,단화TV 내채널 들어오면 안돼,-😛-<br />집중해봐! 현직 걸그룹 BIJ<br />방송사고 터진거 같은데 어떡해ㅠㅠ<br />내유튭에 올려뒀으니깐 보러와❤❤❤<br />~~~~~~~~~~~~~~~~~~~~~~~~,"-😛-
집중해봐! 현직 걸그룹 BIJ
방송사고 터진거 같은데 어떡해ㅠㅠ
내유튭에 올려뒀으니깐 보러와❤❤❤
~~~~~~~~~~~~~~~~~~~~~~~~",http://www.youtube.com/channel/UCU8TzXr7gtoJCDzaBLUfgvg,0,game,0
42,-DeStUcaA7s,1,아오,산범 옆 혁준이 ㅋㅋㅋ,산범 옆 혁준이 ㅋㅋㅋ,http://www.youtube.com/channel/UCFy0bSYCgI3DKy533DGb1tg,4,game,0
43,-DeStUcaA7s,0,Bradley Kim,"<a href=""https://www.youtube.com/watch?v=-DeStUcaA7s&amp;t=53m30s"">53:30</a> 전기 ㅈㄴ 웃기네ㅋㅋㅋ 세탁기 돌려주러 온 거 까먹고 혼자 웃다가 눈치 보고 정색ㅋㅋㅋㅋㅋㅋㅋ 그 와중에 파이 표정 ㅈㄴ 와우……",53:30 전기 ㅈㄴ 웃기네ㅋㅋㅋ 세탁기 돌려주러 온 거 까먹고 혼자 웃다가 눈치 보고 정색ㅋㅋㅋㅋㅋㅋㅋ 그 와중에 파이 표정 ㅈㄴ 와우……,http://www.youtube.com/channel/UC-A7UGwjFokSPLZCQN38_AQ,825,game,0
44,-DeStUcaA7s,1,낭화TV 내 채널 절대 오지맛,-😍-<br />몸매좋다고 유명한 영화배우 BIJ<br />ㄹㅇ수박달고 생방하고 있는데 ㅗㅜㅑ..😭<br />내유튭에 있으니깐 보고가라잇..❤❤❤<br />👌👌👌👌👌👌👌👌👌👌👌👌👌👌,"-😍-
몸매좋다고 유명한 영화배우 BIJ
ㄹㅇ수박달고 생방하고 있는데 ㅗㅜㅑ..😭
내유튭에 있으니깐 보고가라잇..❤❤❤
👌👌👌👌👌👌👌👌👌👌👌👌👌👌",http://www.youtube.com/channel/UCVPw6qccOYyGE8t_0RWxEDQ,0,game,0
45,-DeStUcaA7s,1,박지은,아 진짜 졸귀여워..,아 진짜 졸귀여워..,http://www.youtube.com/channel/UCEstZKNmpQWifcw-LL8VqWA,0,game,0
46,-DeStUcaA7s,1,전기야잘생겼어,존나웃기다고 이부분 시발ㅋㅋㅋㅋ,존나웃기다고 이부분 시발ㅋㅋㅋㅋ,http://www.youtube.com/channel/UCAoYSsj0iQ7cvrQx4HBEWgg,1,game,0
47,-DeStUcaA7s,1,백인수,레게노 ㅋㅋㅋㅋㅋㅋㅋㅋㅋㅋㅋㅋㅋㅋ,레게노 ㅋㅋㅋㅋㅋㅋㅋㅋㅋㅋㅋㅋㅋㅋ,http://www.youtube.com/channel/UCS7PP5fCrCcEleNBJhvxOFA,0,game,0
48,-DeStUcaA7s,1,4oej dkr,기여워♡♡,기여워♡♡,http://www.youtube.com/channel/UCYZ6o3G102XqOkUNCe7wBJA,0,game,0
49,-DeStUcaA7s,0,수인,"<a href=""https://www.youtube.com/watch?v=-DeStUcaA7s&amp;t=53m27s"">53:27</a> 여기서 파이 억지로 즙짜는 거 알고 전기 혼자 겁나 웃다가 다들 안 웃고 조용하니까 눈치보고 정색 하는 거 봐ㅋㅋㅋㅋㅋㅋ 귀여워 우리 전기",53:27 여기서 파이 억지로 즙짜는 거 알고 전기 혼자 겁나 웃다가 다들 안 웃고 조용하니까 눈치보고 정색 하는 거 봐ㅋㅋㅋㅋㅋㅋ 귀여워 우리 전기,http://www.youtube.com/channel/UC6oqqu3KLze7AcY0Mdv3nug,3935,game,0
50,-DeStUcaA7s,1,kdkf dkkd,ㅋㅋㅋㅋㅋㅋㅋㅋㅋㅋㅋㅋㅋㅋㅋㅋㅋㅋㅋㅋㅋㅋㅋㅋ 아 진짜 미워할수가없다... 어쩌냐,ㅋㅋㅋㅋㅋㅋㅋㅋㅋㅋㅋㅋㅋㅋㅋㅋㅋㅋㅋㅋㅋㅋㅋㅋ 아 진짜 미워할수가없다... 어쩌냐,http://www.youtube.com/channel/UCUv-qwHsUEvQ5G_tlG3as5g,0,game,0
51,-DeStUcaA7s,1,je je,@냠 억지로 즙짜는게 존나 어이없어서 웃은거지 그게 그거지 ㅋ,@냠 억지로 즙짜는게 존나 어이없어서 웃은거지 그게 그거지 ㅋ,http://www.youtube.com/channel/UCJzApPdGr23uDzkvvZb8M4Q,0,game,0
52,-DeStUcaA7s,1,뽀뇨,ㅋㅋㅋ,ㅋㅋㅋ,http://www.youtube.com/channel/UC-QMuaH-3jwl2n0f5JLWJSw,0,game,0
53,-DeStUcaA7s,1,인생은나그네길,또 또 한국여자 ㅈㄹ한다 ㅋㅋㅋㅋㅋ 또 남혐 ㅋㅋㅋㅋㅋ,또 또 한국여자 ㅈㄹ한다 ㅋㅋㅋㅋㅋ 또 남혐 ㅋㅋㅋㅋㅋ,http://www.youtube.com/channel/UCZhsyfb9J6AjeL9nJZf_yQw,0,game,0
54,-DeStUcaA7s,1,긤GUIM,왜귀여운거지 진짜 개귀엽다 ㅋㅋㅋㅋㅋㅋㅋㅋ,왜귀여운거지 진짜 개귀엽다 ㅋㅋㅋㅋㅋㅋㅋㅋ,http://www.youtube.com/channel/UCaQUo0t6kui0YUsjU6WCI7w,0,game,0
55,-DeStUcaA7s,0,Johnny,"<a href=""https://www.youtube.com/watch?v=-DeStUcaA7s&amp;t=12m06s"">12:06</a> 소름이네... 와 .. N빵의 여유",12:06 소름이네... 와 .. N빵의 여유,http://www.youtube.com/channel/UCXOk8f-FE3azjf7F7FA14gQ,745,game,0
56,-DeStUcaA7s,1,낭화TV 내 채널 절대 오지맛,-😙-<br />레전드로 유명한 걸그룹 연습생 출신 BIJ<br />ㄹㅇ수박달고 방송하고 있는데 몸매봐..😭<br />내유튭에 있으니깐 보고가..❤❤❤<br />😅😅😅😅😅😅😅😅😅😅😅😅😅😅,"-😙-
레전드로 유명한 걸그룹 연습생 출신 BIJ
ㄹㅇ수박달고 방송하고 있는데 몸매봐..😭
내유튭에 있으니깐 보고가..❤❤❤
😅😅😅😅😅😅😅😅😅😅😅😅😅😅",http://www.youtube.com/channel/UCVPw6qccOYyGE8t_0RWxEDQ,0,game,0
57,-DeStUcaA7s,1,하트를붙여요맞춤법고쳐줄땐,@못구는짱말려 승복 뜻을 잘못 알고 있었다는 게 학계의 점심,@못구는짱말려 승복 뜻을 잘못 알고 있었다는 게 학계의 점심,http://www.youtube.com/channel/UC8s5vp1oxvybCLm_WTGWLGw,0,game,0
58,-DeStUcaA7s,1,딩기당가둥,결과의 승복 ㅋㅋㅋㅋㅌㅋㅋㅌ 젖까고있네,결과의 승복 ㅋㅋㅋㅋㅌㅋㅋㅌ 젖까고있네,http://www.youtube.com/channel/UCeZrl79LyAIgTLX9f83Ip6Q,8,game,0
59,-DeStUcaA7s,1,공항도둑vs파이 영상 내채널에 있어요,3ㄷㄱㄱㄱ,3ㄷㄱㄱㄱ,http://www.youtube.com/channel/UCRCQkKuIYcHeL_o6BdKwq8w,0,game,0
60,-DeStUcaA7s,1,훈훈,컄ㅋㅋㅋㅌㅋㅌㅋㅋ,컄ㅋㅋㅋㅌㅋㅌㅋㅋ,http://www.youtube.com/channel/UC_A0Gsgl24plSBde_Laa29A,0,game,0
61,-DeStUcaA7s,0,황상빈,산범이도 샤넬백 사줘ㅋㅋ산범이도 샤넬백 사줘ㅋㅋ산범이도 샤넬백 사줘ㅋㅋ산범이도 샤넬백 사줘ㅋㅋ산범이도 샤넬백 사줘ㅋㅋ산범이도 샤넬백 사줘ㅋㅋ산범이도 샤넬백 사줘ㅋㅋ산범이도 샤넬백 사줘ㅋㅋ산범이도 샤넬백 사줘ㅋㅋ산범이도 샤넬백 사줘ㅋㅋ산범이도 샤넬백 사줘ㅋㅋ산범이도 샤넬백 사줘ㅋㅋ산범이도 샤넬백 사줘ㅋㅋ산범이도 샤넬백 사줘ㅋㅋ산범이도 샤넬백 사줘ㅋㅋ산범이도 샤넬백 사줘ㅋㅋ산범이도 샤넬백 사줘ㅋㅋ산범이도 샤넬백 사줘ㅋㅋ산범이도 샤넬백 사줘ㅋㅋ산범이도 샤넬백 사줘ㅋㅋ산범이도 샤넬백 사줘ㅋㅋ산범이도 샤넬백 사줘ㅋㅋ,산범이도 샤넬백 사줘ㅋㅋ산범이도 샤넬백 사줘ㅋㅋ산범이도 샤넬백 사줘ㅋㅋ산범이도 샤넬백 사줘ㅋㅋ산범이도 샤넬백 사줘ㅋㅋ산범이도 샤넬백 사줘ㅋㅋ산범이도 샤넬백 사줘ㅋㅋ산범이도 샤넬백 사줘ㅋㅋ산범이도 샤넬백 사줘ㅋㅋ산범이도 샤넬백 사줘ㅋㅋ산범이도 샤넬백 사줘ㅋㅋ산범이도 샤넬백 사줘ㅋㅋ산범이도 샤넬백 사줘ㅋㅋ산범이도 샤넬백 사줘ㅋㅋ산범이도 샤넬백 사줘ㅋㅋ산범이도 샤넬백 사줘ㅋㅋ산범이도 샤넬백 사줘ㅋㅋ산범이도 샤넬백 사줘ㅋㅋ산범이도 샤넬백 사줘ㅋㅋ산범이도 샤넬백 사줘ㅋㅋ산범이도 샤넬백 사줘ㅋㅋ산범이도 샤넬백 사줘ㅋㅋ,http://www.youtube.com/channel/UCM-IJZrXK9mSY7cHN4BOjNw,142,game,0
62,-DeStUcaA7s,1,ᄋᄋ,@winter Yolo 그저 물소...,@winter Yolo 그저 물소...,http://www.youtube.com/channel/UCJF18u-eH3tx53XSBlmqgfw,1,game,0
63,-DeStUcaA7s,1,winter Yolo,@이운영 이루리랑 사귀는 애도 참...,@이운영 이루리랑 사귀는 애도 참...,http://www.youtube.com/channel/UCz1ObYPOgVqnreHrsKNrEfg,1,game,0
64,-DeStUcaA7s,1,이운영,@레오 그거 남자친구가 사준거 아님?,@레오 그거 남자친구가 사준거 아님?,http://www.youtube.com/channel/UCcX9Um3mzc9V2C0kbV1-bWg,2,game,0
65,-DeStUcaA7s,1,레오,@WY S ㅋㅋㅋ그래도 나머지 여자는 돈 다 나눠가졌자나ㅋㅋ<br />2번 1등되면 샤넬백 산다고 떨어트리더니 샤넬백사서 인증해버리는 루리 ㄹㅇㅋㅋ,"@WY S ㅋㅋㅋ그래도 나머지 여자는 돈 다 나눠가졌자나ㅋㅋ
2번 1등되면 샤넬백 산다고 떨어트리더니 샤넬백사서 인증해버리는 루리 ㄹㅇㅋㅋ",http://www.youtube.com/channel/UC6Hfl8HEIcmI2xTYtsGwyFA,7,game,0
66,-DeStUcaA7s,1,WY S,산범이는 혁준이를 얻었잖앜ㅋㅋㅋㅋㅋㅋ,산범이는 혁준이를 얻었잖앜ㅋㅋㅋㅋㅋㅋ,http://www.youtube.com/channel/UCaQACkPZo3ZQPySS59OM-YQ,2,game,0
67,-DeStUcaA7s,0,역시짜세,"<a href=""https://www.youtube.com/watch?v=-DeStUcaA7s&amp;t=55m02s"">55:02</a> 이거 이미한약속 n빵이였네 소름이다 ㅋㅋㅋㅋ 7번 굳이 떨군이유가  상금 더 챙길라고네 ㅋㅋㅋㅋ",55:02 이거 이미한약속 n빵이였네 소름이다 ㅋㅋㅋㅋ 7번 굳이 떨군이유가  상금 더 챙길라고네 ㅋㅋㅋㅋ,http://www.youtube.com/channel/UCvFn9T-NhRCvOXXiBerIP3g,260,game,0
68,-DeStUcaA7s,1,이라TV 내 채널 절대 오지마시길,-😙-<br />레전드로 유명한 걸그룹 연습생 출신 BIJ<br />ㄹㅇ수박달고 방송하고 있는데 몸매봐..😭<br />내유튭에 있으니깐 보고가..❤❤❤<br />😅😅😅😅😅😅😅😅😅😅😅😅😅😅,"-😙-
레전드로 유명한 걸그룹 연습생 출신 BIJ
ㄹㅇ수박달고 방송하고 있는데 몸매봐..😭
내유튭에 있으니깐 보고가..❤❤❤
😅😅😅😅😅😅😅😅😅😅😅😅😅😅",http://www.youtube.com/channel/UCJ1wRe3ilpydONEfcoYMKYA,0,game,0
69,-DeStUcaA7s,0,Vid Da,"<a href=""https://www.youtube.com/watch?v=-DeStUcaA7s&amp;t=9m26s"">9:26</a> 원주율 이 악물고 웃는거 ㅈㄴ웃기네 ㅋㅋ",9:26 원주율 이 악물고 웃는거 ㅈㄴ웃기네 ㅋㅋ,http://www.youtube.com/channel/UC-omXvTZ6vLYDocK0kVll8w,647,game,0
70,-DeStUcaA7s,1,이성빈,원주율ㅋㅋㅋㅋㅋㅋ,원주율ㅋㅋㅋㅋㅋㅋ,http://www.youtube.com/channel/UCJVmcmfizPd9KDMukOAazfQ,0,game,0
71,-DeStUcaA7s,1,_하루카네,@이민준 원주율 표시하는 기호 이름이 파이에요ㅋㅋㅋㅋㅋ,@이민준 원주율 표시하는 기호 이름이 파이에요ㅋㅋㅋㅋㅋ,http://www.youtube.com/channel/UCQQz9OD7bkQVDUBLAEcqdLQ,2,game,0
72,-DeStUcaA7s,1,이민준,"@양현우 왜원주율임,???","@양현우 왜원주율임,???",http://www.youtube.com/channel/UCShMbWdsG81WyBqpjkD8PLg,0,game,0
73,-DeStUcaA7s,1,잼민이 무서움,원주율 ㅇㅈㄹ ㅋㅋㅋㅋㅋㅋㅋㅋㅋ,원주율 ㅇㅈㄹ ㅋㅋㅋㅋㅋㅋㅋㅋㅋ,http://www.youtube.com/channel/UCd0aH6xwhkiNkxjJmltsieg,0,game,0
74,-DeStUcaA7s,1,공항도둑vs파이 영상 내채널에 있어요,&lt;&lt;&lt;&lt;&lt;&lt;내닉넴볼븐,<<<<<<내닉넴볼븐,http://www.youtube.com/channel/UCRCQkKuIYcHeL_o6BdKwq8w,0,game,0
75,-DeStUcaA7s,0,낙수효과,혁준아 오늘 8화합방 잘 끝나고<br />폭로된 루리 가스라이팅 봤냐?<br />진짜 파이만큼 큰거온다...<br />너는 전기 &amp; 산범 손 꽉잡고 꽃길걷자<br />ㅡㅡㅡㅡㅡㅡㅡㅡㅡㅡㅡㅡㅡㅡㅡㅡ<br />응원글이었는데 너무 좋아요가 많아졌다<br />혁준아 분란조장이면 미안하다💙,"혁준아 오늘 8화합방 잘 끝나고
폭로된 루리 가스라이팅 봤냐?
진짜 파이만큼 큰거온다...
너는 전기 & 산범 손 꽉잡고 꽃길걷자
ㅡㅡㅡㅡㅡㅡㅡㅡㅡㅡㅡㅡㅡㅡㅡㅡ
응원글이었는데 너무 좋아요가 많아졌다
혁준아 분란조장이면 미안하다💙",http://www.youtube.com/channel/UCzRwsqdtP1m_2__Ro5tDZSA,4077,game,0
76,-DeStUcaA7s,1,편쟁,와 가입일 10년 전이네,와 가입일 10년 전이네,http://www.youtube.com/channel/UCoA8nKNJ22dnQijK9yq4yig,0,game,0
77,-DeStUcaA7s,1,대주주,@King이즈백 ㅋㅋㅋㅋㅋㅋ저 ㅂㅅ인가봐요,@King이즈백 ㅋㅋㅋㅋㅋㅋ저 ㅂㅅ인가봐요,http://www.youtube.com/channel/UC8ABZg-8_u-xkpAviJDLY2g,0,game,0
78,-DeStUcaA7s,1,JHgameTV,@sam man 세탁실패했는뎌?,@sam man 세탁실패했는뎌?,http://www.youtube.com/channel/UCOm2nD3zAZoRGjaharukdPg,0,game,0
79,-DeStUcaA7s,1,King이즈백,@대주주 이중성이 아니라 중의성!,@대주주 이중성이 아니라 중의성!,http://www.youtube.com/channel/UCpIW3tqMj3R6pThk6ZFH94Q,0,game,0
80,-DeStUcaA7s,1,Sa tan,@ᄋᄋ 아니ㅋㅋ 이래선 뭔 야동인줄 알잖아ㅋㅋㅋㅋㅋ,@ᄋᄋ 아니ㅋㅋ 이래선 뭔 야동인줄 알잖아ㅋㅋㅋㅋㅋ,http://www.youtube.com/channel/UCoTExRkQbMIhki0tb8743Pg,0,game,0
81,-DeStUcaA7s,0,지웅,여자 하나에 남자 셋인데 여자쪽으로 눈길 안가는건 처음이다,여자 하나에 남자 셋인데 여자쪽으로 눈길 안가는건 처음이다,http://www.youtube.com/channel/UC_orpb3ynDXO_jvn_eWTXEA,230,game,0
82,-DeStUcaA7s,1,Joe's Youtube,맨 오른쪽이 여자임?,맨 오른쪽이 여자임?,http://www.youtube.com/channel/UCEjWpwbeVgXC-1b4DTfZK4A,0,game,0
83,-DeStUcaA7s,1,사장님 여기 깍두기 맛이 왜 이래요??,와 ㄹㅇ이네,와 ㄹㅇ이네,http://www.youtube.com/channel/UCeHaa20ZCoxg8NGKYfzlmYA,0,game,0
84,-DeStUcaA7s,1,이라TV 내 채널 절대 오지마시길,-😭-<br />아이돌 연습생 출신 BIJ 야릇한 방송사고<br />제대로 터진거 같은데?.. 내유튭에 보러 와<br />텐션 장난아니더라 ㅠㅠ❤❤❤<br />🤗🤗🤗🤗🤗🤗🤗🤗🤗🤗🤗🤗🤗,"-😭-
아이돌 연습생 출신 BIJ 야릇한 방송사고
제대로 터진거 같은데?.. 내유튭에 보러 와
텐션 장난아니더라 ㅠㅠ❤❤❤
🤗🤗🤗🤗🤗🤗🤗🤗🤗🤗🤗🤗🤗",http://www.youtube.com/channel/UCJ1wRe3ilpydONEfcoYMKYA,0,game,0
85,-DeStUcaA7s,1,롤조이장인,@박원순 닉값 ㅋㅋ,@박원순 닉값 ㅋㅋ,http://www.youtube.com/channel/UC8wioc_N0zxhNq5gcz5IANg,6,game,0
86,-DeStUcaA7s,1,박원순,눈길 가는데,눈길 가는데,http://www.youtube.com/channel/UCXYU5cNWnJvMUfsxksN6mfQ,2,game,0
87,-DeStUcaA7s,0,월하노인,이 모든사실을 알고있으면서 세탁방송 여기저기 다녔었던거라니.....전공듀오+가오가이 그저 빛이네,이 모든사실을 알고있으면서 세탁방송 여기저기 다녔었던거라니.....전공듀오+가오가이 그저 빛이네,http://www.youtube.com/channel/UCvbzsC3nWKJu1CkKdJ1rpWw,772,game,0
88,-DeStUcaA7s,1,이성현,물소가이는 제외,물소가이는 제외,http://www.youtube.com/channel/UCyvmedsLnHdLJ59Pt_JvsQw,0,game,0
89,-DeStUcaA7s,1,벌꿀오소리,지금폭탄돌리기 자기한테 오면 물소가이 스윗한남이아니라 진짜ㄱㅅㄲ뭔지 보여준다자나<br />물개가 될거라고함,"지금폭탄돌리기 자기한테 오면 물소가이 스윗한남이아니라 진짜ㄱㅅㄲ뭔지 보여준다자나
물개가 될거라고함",http://www.youtube.com/channel/UCmuJOH3UARtYZpkrrOGqWGA,0,game,0
90,-DeStUcaA7s,1,GOD성환,야 가오형은 아무것도 몰랐어 그 형 모자라지만 착한형이야 자기 혼자만 몰랐어? 나는 뭐 다 몰라ㅋㅋㅋㅋㅋㅋㅋㅋ,야 가오형은 아무것도 몰랐어 그 형 모자라지만 착한형이야 자기 혼자만 몰랐어? 나는 뭐 다 몰라ㅋㅋㅋㅋㅋㅋㅋㅋ,http://www.youtube.com/channel/UCohCtQsOwTlYppQDK8KKLEA,1,game,0
91,-DeStUcaA7s,1,이성재,@제일잘나가내가 가장 잘못한게 육지담이 여러번 술먹자 했을때 의견이 반반 갈렸는데 물소가이가 막타처서 술 ㅈㄴ먹고 잘굴러가던 게임을 전날에 비해서 4~5배쯤쓰면서 겜 ㅈ망하게함,@제일잘나가내가 가장 잘못한게 육지담이 여러번 술먹자 했을때 의견이 반반 갈렸는데 물소가이가 막타처서 술 ㅈㄴ먹고 잘굴러가던 게임을 전날에 비해서 4~5배쯤쓰면서 겜 ㅈ망하게함,http://www.youtube.com/channel/UCG0Gcymxdt4PnuTeCEXAZbQ,3,game,0
92,-DeStUcaA7s,1,김성윤,걍 종결내자 가오가이가 아니라 아헤가오가이임,걍 종결내자 가오가이가 아니라 아헤가오가이임,http://www.youtube.com/channel/UC0Tz_J52DKq6uP-DPeRNwMA,1,game,0
93,-DeStUcaA7s,0,내삶의반,"파이의 눈물은 기쁨과 희열의 눈물이였다<br />7번 떨어트리고, 자진퇴소로 인한 이미지 상승 예상, 집에 감, N빵 3천만원","파이의 눈물은 기쁨과 희열의 눈물이였다
7번 떨어트리고, 자진퇴소로 인한 이미지 상승 예상, 집에 감, N빵 3천만원",http://www.youtube.com/channel/UCrtCbXAjnJHMFMBecki9RMg,19,game,0
94,-DeStUcaA7s,0,류승우,"<a href=""https://www.youtube.com/watch?v=-DeStUcaA7s&amp;t=20m22s"">20:22</a> 이루리 화들짝 뛰어쳐가는거보소 ㅋㅋ",20:22 이루리 화들짝 뛰어쳐가는거보소 ㅋㅋ,http://www.youtube.com/channel/UCMSIhsjnIx-G1p1G138D7Kg,477,game,0
95,-DeStUcaA7s,1,검정,@고볶 ㄹㅇ 손가락으로 누르는가 개소름임 ㅋㅋㅋ,@고볶 ㄹㅇ 손가락으로 누르는가 개소름임 ㅋㅋㅋ,http://www.youtube.com/channel/UCCJGhQ1DQSbTBUVVX2r5pnA,0,game,0
96,-DeStUcaA7s,1,고볶,@i f 은둔고수 ㅋㅋㅋㅋㅋㅋㅋㅋㅋㅋㅋㅋㅋㅋㅋㅋㅋㅋㅋㅋㅋㅋㅋㅋㅋㅋㅋㅋㅋㅋㅋㅋㅋㅋㅋ,@i f 은둔고수 ㅋㅋㅋㅋㅋㅋㅋㅋㅋㅋㅋㅋㅋㅋㅋㅋㅋㅋㅋㅋㅋㅋㅋㅋㅋㅋㅋㅋㅋㅋㅋㅋㅋㅋㅋ,http://www.youtube.com/channel/UC939yAzh7GpGDGis2s5uWcQ,0,game,0
97,-DeStUcaA7s,1,i f,@고볶 저거 전기 은둔고수 드립 개웃겼는데 ㅋㅋㅋㅋㅋ손가락 하나로 간단하게 제압한다고 ㅋㅋㅋㅋㅋㅋㅋㅋㅋ,@고볶 저거 전기 은둔고수 드립 개웃겼는데 ㅋㅋㅋㅋㅋ손가락 하나로 간단하게 제압한다고 ㅋㅋㅋㅋㅋㅋㅋㅋㅋ,http://www.youtube.com/channel/UC1OYRtqj5cH47En_OMSIzXA,2,game,0
98,-DeStUcaA7s,1,스셈,아진짜 개역겹다 ㅋㅋㅋㅋㅋ,아진짜 개역겹다 ㅋㅋㅋㅋㅋ,http://www.youtube.com/channel/UCprm1sd0CeiwoO5ubApKStA,1,game,0
99,-DeStUcaA7s,1,고볶,"<a href=""https://www.youtube.com/watch?v=-DeStUcaA7s&amp;t=23m55s"">23:55</a> 여기가 더 가관임 ㅋㅋㅋㅋㅋㅋㅋㅋㅋㅋㅋㅋㅋㅋ",23:55 여기가 더 가관임 ㅋㅋㅋㅋㅋㅋㅋㅋㅋㅋㅋㅋㅋㅋ,http://www.youtube.com/channel/UC939yAzh7GpGDGis2s5uWcQ,21,game,0
100,-DeStUcaA7s,0,랄로조아낭만조아,파이는 억지로 쳐웃는것같은데 3명은 통쾌하게 웃는것 같음 ㅋㅋ,파이는 억지로 쳐웃는것같은데 3명은 통쾌하게 웃는것 같음 ㅋㅋ,http://www.youtube.com/channel/UCFIBblV2mjvdP4nDEW5IjeQ,2487,game,0
101,-DeStUcaA7s,1,웃어라,@으악 모자르지만 착한 친구,@으악 모자르지만 착한 친구,http://www.youtube.com/channel/UChUX_D9OaMqzl1E1L95kxzw,0,game,0
102,-DeStUcaA7s,1,김남훈,쟤들 이제나락갈거예요 ㅋㅋㅋㅋ 지켜보세요 ㅋㅋㅋㅋㄱ ????,쟤들 이제나락갈거예요 ㅋㅋㅋㅋ 지켜보세요 ㅋㅋㅋㅋㄱ ????,http://www.youtube.com/channel/UC-ZimrdGz6RTaomBwPqHsEg,0,game,0
103,-DeStUcaA7s,1,상연,"@장하람 그건 안전장치임 절반의 참가자가 모종의 이유(육체적 정신적 고통)으로 게임을 포기할 정도면 게임을 중단하겠다 이런 거ㅋㅋ 닥터가 왜 있겠음. 룰을 명시해놓은 제작진도 빡대가리고. 여성측은 이루리,파이처럼 정말 돈이 안급해서 자진퇴소해도 아무런 타격이 없는 반면 남자측은 진짜 돈 없는 애들만 나옴. 빚쟁이, 바퀴벌레랑 자취, 31살 키즈카페 알바 이런 애들. 이건 협상이라고 보기도 애매하고 제작진이나 남자들한테 우리 돈 안 받아도 되니까 프로그램 망하게 두던가 하는 씹악질짓임ㅋㅋ1억6천 투자유치 받았는데 저 제안을 어케 안들어줌?","@장하람 그건 안전장치임 절반의 참가자가 모종의 이유(육체적 정신적 고통)으로 게임을 포기할 정도면 게임을 중단하겠다 이런 거ㅋㅋ 닥터가 왜 있겠음. 룰을 명시해놓은 제작진도 빡대가리고. 여성측은 이루리,파이처럼 정말 돈이 안급해서 자진퇴소해도 아무런 타격이 없는 반면 남자측은 진짜 돈 없는 애들만 나옴. 빚쟁이, 바퀴벌레랑 자취, 31살 키즈카페 알바 이런 애들. 이건 협상이라고 보기도 애매하고 제작진이나 남자들한테 우리 돈 안 받아도 되니까 프로그램 망하게 두던가 하는 씹악질짓임ㅋㅋ1억6천 투자유치 받았는데 저 제안을 어케 안들어줌?",http://www.youtube.com/channel/UCabh5LBqEqkhis6EZhIhMUQ,0,game,0
104,-DeStUcaA7s,1,장하람,@상연 물론 그 협상카드로 이득을 본 후에 n빵치기로 약속하고 그 약속이 있으니까 자진퇴소한 건 정말 잘못했다고 생각함. 게임의 본질을 흐렸음,@상연 물론 그 협상카드로 이득을 본 후에 n빵치기로 약속하고 그 약속이 있으니까 자진퇴소한 건 정말 잘못했다고 생각함. 게임의 본질을 흐렸음,http://www.youtube.com/channel/UCwQcgsZ3FPMAJJUnvW03FOg,0,game,0
105,-DeStUcaA7s,1,장하람,"@상연 저도 n빵 약속하고 게임 진행한 건 당연히 잘못했다고 생각함. 근데 자진퇴소 드립은 솔직히 전 왜 잘못된 지 모르겠음. 사람들 말 들어보면 마지막 탑3에서 3번이 자진퇴소 협박으로 상금 3분의 1빵 협상해보란 말들도 많던데, 여자 4명 퇴소라는 협상 카드가 왜 잘못된지는 모르겠음","@상연 저도 n빵 약속하고 게임 진행한 건 당연히 잘못했다고 생각함. 근데 자진퇴소 드립은 솔직히 전 왜 잘못된 지 모르겠음. 사람들 말 들어보면 마지막 탑3에서 3번이 자진퇴소 협박으로 상금 3분의 1빵 협상해보란 말들도 많던데, 여자 4명 퇴소라는 협상 카드가 왜 잘못된지는 모르겠음",http://www.youtube.com/channel/UCwQcgsZ3FPMAJJUnvW03FOg,0,game,0
106,-DeStUcaA7s,0,음좋남갤러리,"<a href=""https://www.youtube.com/watch?v=-DeStUcaA7s&amp;t=19m12s"">19:12</a> 전기 드립 미쳤나ㅋㅋㅋㅋㅋ",19:12 전기 드립 미쳤나ㅋㅋㅋㅋㅋ,http://www.youtube.com/channel/UCRLWnPJ9RJiLW57TpSSvL7Q,42,game,0
107,-DeStUcaA7s,0,ᄏᄏᄏᄏᄏᄏ,혁준아 잘되서 다행이다<br />그런데 이렇게까지 잘되길 바라지는 않았어...ㅆㅂㅋㅋㅋㅋㅋㅋ,"혁준아 잘되서 다행이다
그런데 이렇게까지 잘되길 바라지는 않았어...ㅆㅂㅋㅋㅋㅋㅋㅋ",http://www.youtube.com/channel/UC7HHzq8ulZ1ux2CSZxzefEw,7,game,0
108,-DeStUcaA7s,0,ccgg cc,그 눈 똑바로 뜨고 쿨찐마냥 팔짱끼고 다 안다듯이 끄덕끄덕 거리면서 중2병 망상중증걸려 시청자랑 싸우던 태도가 그립다 ㅋㅋㅋㅋㅋ,그 눈 똑바로 뜨고 쿨찐마냥 팔짱끼고 다 안다듯이 끄덕끄덕 거리면서 중2병 망상중증걸려 시청자랑 싸우던 태도가 그립다 ㅋㅋㅋㅋㅋ,http://www.youtube.com/channel/UCyd3au9ioHgR3JZQG_4MCKA,64,game,0
109,-DeStUcaA7s,1,J .W,너무 심하시네요 중2병도 안저럽니다,너무 심하시네요 중2병도 안저럽니다,http://www.youtube.com/channel/UC8CQdH9UuEGMwLHFyhmo_SA,0,game,0
110,-DeStUcaA7s,1,스테TV 내 채널 들어오면 큰일나,-😀-<br />헐 엄청 유명한 BIJ 역대급 너출<br />사고 터진거 같아ㅠㅠ내유튭에 볼 수 있는<br />좌표 올려뒀으니깐 짤리기전에 봐❤❤❤<br />🤫🤫🤫🤫🤫🤫🤫🤫🤫🤫🤫🤫🤫🤫,"-😀-
헐 엄청 유명한 BIJ 역대급 너출
사고 터진거 같아ㅠㅠ내유튭에 볼 수 있는
좌표 올려뒀으니깐 짤리기전에 봐❤❤❤
🤫🤫🤫🤫🤫🤫🤫🤫🤫🤫🤫🤫🤫🤫",http://www.youtube.com/channel/UChcb1uBL5KAJ1WTrHyeoV9Q,0,game,0
111,-DeStUcaA7s,1,winter Yolo,네~~! 네~~! 그런데요?? 제가 실제로 죽였나연~??,네~~! 네~~! 그런데요?? 제가 실제로 죽였나연~??,http://www.youtube.com/channel/UCz1ObYPOgVqnreHrsKNrEfg,0,game,0
112,-DeStUcaA7s,0,크흠,웃고 있는 자와 마지못해 웃는 자의 차이가 보인다..,웃고 있는 자와 마지못해 웃는 자의 차이가 보인다..,http://www.youtube.com/channel/UCvfnPf4Jutq78JOmJG3axWQ,8,game,0
113,-DeStUcaA7s,0,핫형석,저렇게 화기애애하게 해놓고 혼자 빡쳐서 뒷통수 친 &#39;그 원주율&#39;,저렇게 화기애애하게 해놓고 혼자 빡쳐서 뒷통수 친 '그 원주율',http://www.youtube.com/channel/UCNaMJ7CkgBEViDRAM9VmMPQ,3216,game,0
114,-DeStUcaA7s,1,조국수호 검찰개혁 추다르크 k-방역화이팅,@Albarn John 컨셉 아니거든요? 대한민국은 사상의 자유가 보장되거든요? 공산당 이념을 찬양하는게 죄는 아니잖아요?,@Albarn John 컨셉 아니거든요? 대한민국은 사상의 자유가 보장되거든요? 공산당 이념을 찬양하는게 죄는 아니잖아요?,http://www.youtube.com/channel/UCG8VZEtf2RM1vLPfyRN6mrw,0,game,0
115,-DeStUcaA7s,1,Albarn John,@조국수호 검찰개혁 추다르크 k-방역화이팅 닉 컨셉이라고 굳게 믿는다..,@조국수호 검찰개혁 추다르크 k-방역화이팅 닉 컨셉이라고 굳게 믿는다..,http://www.youtube.com/channel/UCyDr0hXMY4qOzPH58yadnYA,0,game,0
116,-DeStUcaA7s,1,런호게이입니다,이미 자기한테 돈올거 알고 거기 있기는 ㅈ같고 ㅋㅋ,이미 자기한테 돈올거 알고 거기 있기는 ㅈ같고 ㅋㅋ,http://www.youtube.com/channel/UCH5QTonUtBn54fBcP0_X3lA,0,game,0
117,-DeStUcaA7s,1,이이,@Bot Thresh 아프리카 보는 인생이 그렇게 자랑할건가 ㅋㅋㅋㅋ 난 좀 쪽팔릴거같은데,@Bot Thresh 아프리카 보는 인생이 그렇게 자랑할건가 ㅋㅋㅋㅋ 난 좀 쪽팔릴거같은데,http://www.youtube.com/channel/UCop2ZTWzteH50OBaWkGFKMw,0,game,0
118,-DeStUcaA7s,1,포복하는카우보이,원주율ㅋㅋ,원주율ㅋㅋ,http://www.youtube.com/channel/UCVa6G0SKBr0CblsPwFXUBLQ,0,game,0
119,-DeStUcaA7s,0,시리,"<a href=""https://www.youtube.com/watch?v=-DeStUcaA7s&amp;t=20m24s"">20:24</a> <a href=""https://www.youtube.com/watch?v=-DeStUcaA7s&amp;t=23m56s"">23:56</a> 이루리 어떻게든 전화못하게할려고 혼자 행동으로 옮기네 ㅋㅋㅋ",20:24 23:56 이루리 어떻게든 전화못하게할려고 혼자 행동으로 옮기네 ㅋㅋㅋ,http://www.youtube.com/channel/UCr2fd1fjUOCgExf7KddsXIQ,10,game,0
120,-DeStUcaA7s,0,쟈봉씨,"<a href=""https://www.youtube.com/watch?v=-DeStUcaA7s&amp;t=0m07s"">0:07</a> 혁준이도 한마디 할려다가 지 유행어 먼지 몰라서 버벅대는거 개웃기네ㅋㅋㅋㅋ",0:07 혁준이도 한마디 할려다가 지 유행어 먼지 몰라서 버벅대는거 개웃기네ㅋㅋㅋㅋ,http://www.youtube.com/channel/UCzt0xStNNJ0vgL8TkorcoWA,158,game,0
121,-DeStUcaA7s,1,쟈봉씨,졸귀 ㅇㅈ,졸귀 ㅇㅈ,http://www.youtube.com/channel/UCzt0xStNNJ0vgL8TkorcoWA,0,game,0
122,-DeStUcaA7s,1,스포티뽀얌,커엽ㅋㅋㅋㅋ,커엽ㅋㅋㅋㅋ,http://www.youtube.com/channel/UCHUPgdW05LsNMDE7fb_h0NA,4,game,0
123,-DeStUcaA7s,1,최강,ㅋㅋㅋㅋ 귀엽잖아,ㅋㅋㅋㅋ 귀엽잖아,http://www.youtube.com/channel/UC_GmiF9A5C-IVk6c1jX5BsQ,5,game,0
124,-DeStUcaA7s,0,정애송,ㅋㅋㅋㅋ 가오가이 물소가이라고 해도 웃고 그걸로 더 즐기고 파이 욕 뒤지게 먹어서 속상할만 한데 분위기 띄워주면서 얘기 이어가는거 개멋있네 술자리 섭외 1순위,ㅋㅋㅋㅋ 가오가이 물소가이라고 해도 웃고 그걸로 더 즐기고 파이 욕 뒤지게 먹어서 속상할만 한데 분위기 띄워주면서 얘기 이어가는거 개멋있네 술자리 섭외 1순위,http://www.youtube.com/channel/UCvki3mDVsQwEFZKDpbWPFHQ,431,game,0
125,-DeStUcaA7s,1,N R,솔직히 막판 버팔로짓땜에 트롤이었지 진짜 사람 솔직하고 쿨하고 재밌는 형인듯ㅋㅋㅋ,솔직히 막판 버팔로짓땜에 트롤이었지 진짜 사람 솔직하고 쿨하고 재밌는 형인듯ㅋㅋㅋ,http://www.youtube.com/channel/UCIaYo1c3F0-_6PuTt4jMvJw,0,game,0
126,-DeStUcaA7s,1,김진현,@버들 옆에서 계속 플러스 하잖아요,@버들 옆에서 계속 플러스 하잖아요,http://www.youtube.com/channel/UCv9Gq75zggtflSnxFhlRjbw,0,game,0
127,-DeStUcaA7s,1,버들,멍청하지만 멋있는 형 ㅋㅋㅋㅋㅋㅋ,멍청하지만 멋있는 형 ㅋㅋㅋㅋㅋㅋ,http://www.youtube.com/channel/UCLGCL8wDhQVKtYpojlD5MMA,10,game,0
128,-DeStUcaA7s,1,Mistiik,솔직히 그냥 개웃긴형임 ㅋㅋㅋㅋㅋㅋ,솔직히 그냥 개웃긴형임 ㅋㅋㅋㅋㅋㅋ,http://www.youtube.com/channel/UCP6wh8Ce0P2_BH5JjCZo9vA,2,game,0
129,-DeStUcaA7s,1,이히힣,눈치있네,눈치있네,http://www.youtube.com/channel/UCw6ngju2rKiIoTjgy1mXJrQ,3,game,0
130,-DeStUcaA7s,0,ᄆᄆ,돌아가는 상황 ㅈㄴ 웃기네 ㅋㅋㅋㅋㅋㅋㅋㅋㅋㅋㅋ 서로 폭로하고 엘리전 드가고 알아서 개꿀잼 컨텐츠 뽑자너 ㅋㅋ 진용진은 이들을 품기엔 그릇이 너무 작았다,돌아가는 상황 ㅈㄴ 웃기네 ㅋㅋㅋㅋㅋㅋㅋㅋㅋㅋㅋ 서로 폭로하고 엘리전 드가고 알아서 개꿀잼 컨텐츠 뽑자너 ㅋㅋ 진용진은 이들을 품기엔 그릇이 너무 작았다,http://www.youtube.com/channel/UCcSqIgZ_GGyy6Zno2sFblYQ,19,game,0
131,-DeStUcaA7s,0,준석,남녀 대결에서 남자의 결정적 패인:물소의 지능,남녀 대결에서 남자의 결정적 패인:물소의 지능,http://www.youtube.com/channel/UC_rtoLMZkGAjDIPtwSqUitg,202,game,0
132,-DeStUcaA7s,1,인생은나그네길,물소 지능=평균 여성 지능,물소 지능=평균 여성 지능,http://www.youtube.com/channel/UCZhsyfb9J6AjeL9nJZf_yQw,1,game,0
133,-DeStUcaA7s,1,WY S,@영만이 ㅋㅋㅋㅋㅋㅋ모난돌이 정맞는듯,@영만이 ㅋㅋㅋㅋㅋㅋ모난돌이 정맞는듯,http://www.youtube.com/channel/UCaQACkPZo3ZQPySS59OM-YQ,1,game,0
134,-DeStUcaA7s,1,영만이,3번도 지능에 문제있는데 적극적으로 버팔하던 물소가이가 욕을 더처먹음ㅋㅋㅋㅋㅋ,3번도 지능에 문제있는데 적극적으로 버팔하던 물소가이가 욕을 더처먹음ㅋㅋㅋㅋㅋ,http://www.youtube.com/channel/UC_6JwwU9ih8bYb_MQWiw3Xg,6,game,0
135,-DeStUcaA7s,1,김하민,원래 남자가 더많았어서 제작진 의도가 남녀팀이 아니었는데 육지담 쳐즐어와서 대결구도가 되버림,원래 남자가 더많았어서 제작진 의도가 남녀팀이 아니었는데 육지담 쳐즐어와서 대결구도가 되버림,http://www.youtube.com/channel/UCsp1SV0dwX-AtQIpz4dZzfg,2,game,0
136,-DeStUcaA7s,1,정생이,원래 남녀 대결도 아니였음 빅현배있었어야해서,원래 남녀 대결도 아니였음 빅현배있었어야해서,http://www.youtube.com/channel/UCfPS1D0AJMhb3lj_pedq8Rg,6,game,0
137,-DeStUcaA7s,0,le le,"<a href=""https://www.youtube.com/watch?v=-DeStUcaA7s&amp;t=33m34s"">33:34</a> <br />공혁준 성격 진짜 너무 좋은거 아니냐 ㅠ ㅠ","33:34 
공혁준 성격 진짜 너무 좋은거 아니냐 ㅠ ㅠ",http://www.youtube.com/channel/UCTKXioRZr47xA0iUzbJCvvQ,119,game,0
138,-DeStUcaA7s,1,벌꿀오소리,가짜사나이때랑ㅋㅋㅋㅋ민심이 달라져서 난적응이 안된다ㅋㅋㅋㄱㄲ,가짜사나이때랑ㅋㅋㅋㅋ민심이 달라져서 난적응이 안된다ㅋㅋㅋㄱㄲ,http://www.youtube.com/channel/UCmuJOH3UARtYZpkrrOGqWGA,0,game,0
139,-DeStUcaA7s,1,다리TV 내 채널 오지마라궁,-😛-<br />집중해봐! 현직 걸그룹 BIJ<br />방송사고 터진거 같은데 어떡해ㅠㅠ<br />내유튭에 올려뒀으니깐 보러와❤❤❤<br />~~~~~~~~~~~~~~~~~~~~~~~~,"-😛-
집중해봐! 현직 걸그룹 BIJ
방송사고 터진거 같은데 어떡해ㅠㅠ
내유튭에 올려뒀으니깐 보러와❤❤❤
~~~~~~~~~~~~~~~~~~~~~~~~",http://www.youtube.com/channel/UClX55aAH0Bkuvbet91bnT_w,0,game,0
140,-DeStUcaA7s,1,공항도둑vs파이 영상 내채널에 있어요,ㅇㄷㅇ,ㅇㄷㅇ,http://www.youtube.com/channel/UCRCQkKuIYcHeL_o6BdKwq8w,0,game,0
141,-DeStUcaA7s,0,파도소리,"<a href=""https://www.youtube.com/watch?v=-DeStUcaA7s&amp;t=26m28s"">26:28</a> 내일 ㅈ대봐 미친 ㅋㅋㅋㅋㅋㅋ",26:28 내일 ㅈ대봐 미친 ㅋㅋㅋㅋㅋㅋ,http://www.youtube.com/channel/UCB47cv9MDP9AM2j2SCmKETw,13,game,0
142,-DeStUcaA7s,0,저는페미니즘을자지합니다,가오게이형이 진짜 성격 존내좋아보임 ㄹㅇ;<br />같이다니면 시비걸렸을때 나 대신 다싸워줄거같고<br />존나 결혼마렵다,"가오게이형이 진짜 성격 존내좋아보임 ㄹㅇ;
같이다니면 시비걸렸을때 나 대신 다싸워줄거같고
존나 결혼마렵다",http://www.youtube.com/channel/UC2cqg5Bn52ZYzIBmwU9eYLQ,9,game,0
143,-DeStUcaA7s,1,Estria Flegh,어린앤가 보네 저런애가 먼저 시비걸고 니가 대신 싸우고 그사이 쟤는 도망가고 없다,어린앤가 보네 저런애가 먼저 시비걸고 니가 대신 싸우고 그사이 쟤는 도망가고 없다,http://www.youtube.com/channel/UCSupstnugCmruwOfykXFgOw,3,game,0
144,-DeStUcaA7s,0,김태훈,이루리는 ㅈㄴ 치밀한게 3번 못나가게 돈으로 틀어막아버림 ㅋㅋㅋㅋㅋㅋㅋㅋㅋㅋㅋㅋㅋㅋㅋㅋㅋㅋㅋㅋㅋㅋㅋㅋㅋㅋㅋㅋㅋㅋㅋㅋㅋㅋㅋ,이루리는 ㅈㄴ 치밀한게 3번 못나가게 돈으로 틀어막아버림 ㅋㅋㅋㅋㅋㅋㅋㅋㅋㅋㅋㅋㅋㅋㅋㅋㅋㅋㅋㅋㅋㅋㅋㅋㅋㅋㅋㅋㅋㅋㅋㅋㅋㅋㅋ,http://www.youtube.com/channel/UCRrcwdEYSvBnlAOFl4OjBJw,2219,game,0
145,-DeStUcaA7s,1,강ᄅᄇ,어찌보면 5번이 영악하고 그런건 팩트지밀 겜내에서 다일어난일 ㅋㅋ 엔빵은 쉴드불가지만,어찌보면 5번이 영악하고 그런건 팩트지밀 겜내에서 다일어난일 ㅋㅋ 엔빵은 쉴드불가지만,http://www.youtube.com/channel/UClFFNmP8eKkgqyvGZBEG6rg,0,game,0
146,-DeStUcaA7s,1,누들,겜 진짜 잘하네 ㅋㅋ,겜 진짜 잘하네 ㅋㅋ,http://www.youtube.com/channel/UCSS9TO_3MdACSG0LRDk_ynQ,0,game,0
147,-DeStUcaA7s,1,김태훈,@좋아요 맞음ㅋㅋ나같아도 받았는데 5화에서 이루리가 집단퇴소 선동하고 막판에 못나가게 틀어막은거 보니깐 존나 이상함ㅋㅋㅋㅋㅋㅋㅋ 쨋든 처음부터 n빵은 기정사실화였고 모든화를보니까 쟤들은 게임을한게아니라 본인들의 인성을 보여줌ㅋㅋㅋㅋ 그러니 뒤지게 욕먹지,@좋아요 맞음ㅋㅋ나같아도 받았는데 5화에서 이루리가 집단퇴소 선동하고 막판에 못나가게 틀어막은거 보니깐 존나 이상함ㅋㅋㅋㅋㅋㅋㅋ 쨋든 처음부터 n빵은 기정사실화였고 모든화를보니까 쟤들은 게임을한게아니라 본인들의 인성을 보여줌ㅋㅋㅋㅋ 그러니 뒤지게 욕먹지,http://www.youtube.com/channel/UCRrcwdEYSvBnlAOFl4OjBJw,0,game,0
148,-DeStUcaA7s,1,옆집개님,@Jonghyeok Han 원래 사람이 그래,@Jonghyeok Han 원래 사람이 그래,http://www.youtube.com/channel/UCc_LQ4SASF32R5AjpQf3hEw,0,game,0
149,-DeStUcaA7s,1,김응애,@여성인권수호연맹 ㅈㄴ웃기네 ㅋㅋㅋㅋㅋ,@여성인권수호연맹 ㅈㄴ웃기네 ㅋㅋㅋㅋㅋ,http://www.youtube.com/channel/UCNrQ8QCa7qLdFpN_ynuXg1g,0,game,0
150,-DeStUcaA7s,0,이름,전기가 제일 잘생기고 귀엽다 세탁방송도 한명씩 다 해주고 진짜 대인배가 따로 없네 ㅋㅋㅋ 전기 하는 일마다 잘 됐으면,전기가 제일 잘생기고 귀엽다 세탁방송도 한명씩 다 해주고 진짜 대인배가 따로 없네 ㅋㅋㅋ 전기 하는 일마다 잘 됐으면,http://www.youtube.com/channel/UCMAIt728VcQRcRzXP_185DA,32,game,0
151,-DeStUcaA7s,0,미니,"<a href=""https://www.youtube.com/watch?v=-DeStUcaA7s&amp;t=22m24s"">22:24</a> 파이 세탁기가 아니라 기오가이 세탁기였던 거임ㅋㅋㅋ",22:24 파이 세탁기가 아니라 기오가이 세탁기였던 거임ㅋㅋㅋ,http://www.youtube.com/channel/UC9csx2eMG6OU0QBjnI7jmbg,19,game,0
152,-DeStUcaA7s,0,hun,저렇게 같이 웃고즐기면서 합방끝나자마자 담구려햇다는게...,저렇게 같이 웃고즐기면서 합방끝나자마자 담구려햇다는게...,http://www.youtube.com/channel/UCoc6XvACs8VOfyjDxSQlXLQ,7,game,0
153,-DeStUcaA7s,0,ᄋᄋ,"<a href=""https://www.youtube.com/watch?v=-DeStUcaA7s&amp;t=54m31s"">54:31</a> 여기서부터 전기 웃는거 왤케 기엽냐ㅋㅋ",54:31 여기서부터 전기 웃는거 왤케 기엽냐ㅋㅋ,http://www.youtube.com/channel/UCswRsEQtMEkaU-RgkKwAlVw,189,game,0
154,-DeStUcaA7s,1,ᄋᄋ,@몰리귀여워 ㅇㅈ ㅋㅋㅋㅋㅋ,@몰리귀여워 ㅇㅈ ㅋㅋㅋㅋㅋ,http://www.youtube.com/channel/UCswRsEQtMEkaU-RgkKwAlVw,0,game,0
155,-DeStUcaA7s,1,몰리귀여워,전기 배쨜도 기엽다,전기 배쨜도 기엽다,http://www.youtube.com/channel/UC2p6U1gpwTtzrSqF55DEZqQ,3,game,0
156,-DeStUcaA7s,1,직끔마!,하.하.하. 하.하.하.하. 하.하.하. (옷정리),하.하.하. 하.하.하.하. 하.하.하. (옷정리),http://www.youtube.com/channel/UCXwjvKTfC41yIIjNDk8Qgeg,4,game,0
157,-DeStUcaA7s,0,이김도,"<a href=""https://www.youtube.com/watch?v=-DeStUcaA7s&amp;t=46m26s"">46:26</a> 나만 이렇게 느낀게 아니구나...ㅋㅋㅋ",46:26 나만 이렇게 느낀게 아니구나...ㅋㅋㅋ,http://www.youtube.com/channel/UCWB53pEeixGJOVWyrm4V8qQ,21,game,0
158,-DeStUcaA7s,0,구독하면 행운100% UP,우연히 지나가다 저의 댓글을 보셨을모든 분들 항상 행운이 깃든 날만 가득하길🥰<br />어떠한 일이든 잘 해낼거에요<br />오늘 하루도 수고했어요👍,"우연히 지나가다 저의 댓글을 보셨을모든 분들 항상 행운이 깃든 날만 가득하길🥰
어떠한 일이든 잘 해낼거에요
오늘 하루도 수고했어요👍",http://www.youtube.com/channel/UCaxStlH72CnzBgtXDXhfwHg,2,game,0
159,-DeStUcaA7s,0,잠자는곰,&quot;아니다 혁준아 잘했다&quot;,"""아니다 혁준아 잘했다""",http://www.youtube.com/channel/UCgMnx35VjP7SVOYx9IU7VxQ,145,game,0
160,-DeStUcaA7s,1,못구는짱말려,"<a href=""https://www.youtube.com/watch?v=-DeStUcaA7s&amp;t=33m50s"">33:50</a>",33:50,http://www.youtube.com/channel/UCJW-tO8NzpMhQIXRctyhJjA,3,game,0
161,-DeStUcaA7s,0,오모리김치찌개,공혁준이랑 전기 케미가 진짜 존나웃김 ㅠ ㅋㅋㅋㅋㅋㅋㅋㅋㅋㅋㅋㅋㅋㅋㅋㅋㅋㅋㅋㅋㅋㅋㅋㅋㅋ 아졸라웃겨 눈물나,공혁준이랑 전기 케미가 진짜 존나웃김 ㅠ ㅋㅋㅋㅋㅋㅋㅋㅋㅋㅋㅋㅋㅋㅋㅋㅋㅋㅋㅋㅋㅋㅋㅋㅋㅋ 아졸라웃겨 눈물나,http://www.youtube.com/channel/UClxuVxpHJ6tr3iGV9T_kvXA,40,game,0
162,-DeStUcaA7s,0,구창모,이게 그 세탁기 세대 가지고 돌렸는데도 안됐다던 레전드 방송인가<br />+ 좋아요 오르는거만큼 내 코인가격이나 좀 올려줘 제발,"이게 그 세탁기 세대 가지고 돌렸는데도 안됐다던 레전드 방송인가
+ 좋아요 오르는거만큼 내 코인가격이나 좀 올려줘 제발",http://www.youtube.com/channel/UCxQFWX8kb-_D0DwBcOQyyng,1827,game,0
163,-DeStUcaA7s,1,TinAcer,세탁기에 벽돌넣고 돌려버렸자너,세탁기에 벽돌넣고 돌려버렸자너,http://www.youtube.com/channel/UCeMRfgrG3u08DiOwFqntCvQ,0,game,0
164,-DeStUcaA7s,1,I,살아계시면 답글 수정해주세요ㅠ,살아계시면 답글 수정해주세요ㅠ,http://www.youtube.com/channel/UCCsjsZhM77q9xiVq7TnJ34Q,0,game,0
165,-DeStUcaA7s,1,구독하면코인 떡상함,도지코인1000원가라~,도지코인1000원가라~,http://www.youtube.com/channel/UC2MRTaL7doTXT37BnEQF7gg,0,game,0
166,-DeStUcaA7s,1,저쪽테이블에서 사는겁니다,어림도 없지 한강 가즈아~,어림도 없지 한강 가즈아~,http://www.youtube.com/channel/UCVIEKYrw9zDmNMkYro5DOXw,0,game,0
167,-DeStUcaA7s,1,XXM TXX,본인이 손빨래 한다는데 머,본인이 손빨래 한다는데 머,http://www.youtube.com/channel/UCDrmqCLp1BaYmUg0HBFr5ZA,0,game,0
168,-DeStUcaA7s,0,이태현,"<a href=""https://www.youtube.com/watch?v=-DeStUcaA7s&amp;t=20m23s"">20:23</a> 주문한다니까 후다닥뛰어가네",20:23 주문한다니까 후다닥뛰어가네,http://www.youtube.com/channel/UC9GBas12VMXZTH2H3Wl7PxQ,9,game,0
169,-DeStUcaA7s,0,아이스아메리카노,사실상 믹서기3인방 공전가이ㅋㅋㅋㅋㄱㅋㅋㅋㅋㅋ 세탁대상이랑 합방만 하면 나락가있음,사실상 믹서기3인방 공전가이ㅋㅋㅋㅋㄱㅋㅋㅋㅋㅋ 세탁대상이랑 합방만 하면 나락가있음,http://www.youtube.com/channel/UC5zkPwVZtDANW7kJEOs6N4A,17,game,0
170,-DeStUcaA7s,0,꼬북꼬북,진짜 공혁준같은 친구가 보물이다,진짜 공혁준같은 친구가 보물이다,http://www.youtube.com/channel/UCmxCGpuIaWeinhkd9ZohLSg,5,game,0
171,-DeStUcaA7s,1,웅e,ㅇㅈ 가브리엘리 한국에서 유일하게 친구로 생각하는게 혁준이라던데,ㅇㅈ 가브리엘리 한국에서 유일하게 친구로 생각하는게 혁준이라던데,http://www.youtube.com/channel/UC03sVI4A3aPINcLt9dlu44A,0,game,0
172,-DeStUcaA7s,0,국어과학수학,"<a href=""https://www.youtube.com/watch?v=-DeStUcaA7s&amp;t=2m45s"">2:45</a> 따따랏따라〰🎶",2:45 따따랏따라〰🎶,http://www.youtube.com/channel/UCQlMPM-fh6Trzg2_UpnMqlg,17,game,0
173,-DeStUcaA7s,0,x누크,현재 파이가 제일 고마운 사람.. 이루리 ^^,현재 파이가 제일 고마운 사람.. 이루리 ^^,http://www.youtube.com/channel/UCfwgvYiawlmqGiwpUcglkhQ,58,game,0
174,-DeStUcaA7s,0,최성은,니들이 6G랄을 해도 뿜파이를 꼭 이루리,니들이 6G랄을 해도 뿜파이를 꼭 이루리,http://www.youtube.com/channel/UCBiQR5RC_OFXM1FPtyUlmQA,34,game,0
175,-DeStUcaA7s,0,Kyle Kim,"<a href=""https://www.youtube.com/watch?v=-DeStUcaA7s&amp;t=53m27s"">53:27</a> 전기 웃다가 옆에 눈치보고 급정색 ㅋㅋㅋㅋㅋ",53:27 전기 웃다가 옆에 눈치보고 급정색 ㅋㅋㅋㅋㅋ,http://www.youtube.com/channel/UCJ_97yp3qWi0Ka7611FrDBg,136,game,0
176,-DeStUcaA7s,0,o'zing-oh judgal,"<a href=""https://www.youtube.com/watch?v=-DeStUcaA7s&amp;t=52m10s"">52:10</a> 파이가 이 계획 짤 수 있는 이유가 이미 뿜파이, 돈갸르, 나누리, 돈주워담 카르텔이 형성 되어 있었기 때문에 돈줘담 제외 셋 중 둘만 최종우승하면 되기 때문이네","52:10 파이가 이 계획 짤 수 있는 이유가 이미 뿜파이, 돈갸르, 나누리, 돈주워담 카르텔이 형성 되어 있었기 때문에 돈줘담 제외 셋 중 둘만 최종우승하면 되기 때문이네",http://www.youtube.com/channel/UC5pGiORHlb-ABWiIxOfaVSg,5,game,0
177,-DeStUcaA7s,0,eagle k,공혁준 전기 : 재밌었어~<br />시청자 : 우리도 너희 덕분에 즐거웠어,"공혁준 전기 : 재밌었어~
시청자 : 우리도 너희 덕분에 즐거웠어",http://www.youtube.com/channel/UCQnGX4JZc4vBbIERvVwhCQw,1799,game,0
178,-DeStUcaA7s,1,은동동,ㅇㅈ,ㅇㅈ,http://www.youtube.com/channel/UCCEUWzriyX7pRZ4tBGhx_kg,0,game,0
179,-DeStUcaA7s,1,표씨네,여기서 세탁기 잘 끝났어도 엔빵에서 다시 시작이었으니 억울해 하지맙시다 이루리님도 게임은 잘했지만 착한척 뒤에 거북한부분이 너무 많았네요 힘들어도 욕받이는 당분간 계속,여기서 세탁기 잘 끝났어도 엔빵에서 다시 시작이었으니 억울해 하지맙시다 이루리님도 게임은 잘했지만 착한척 뒤에 거북한부분이 너무 많았네요 힘들어도 욕받이는 당분간 계속,http://www.youtube.com/channel/UCoUxRjmHiXtEND0rwBg4OXg,0,game,0
180,-DeStUcaA7s,1,TAE RA KIM,시청자:아니 시발 뭣좀 하라고 니들 나가면 나 암걸려 뒤져 시발,시청자:아니 시발 뭣좀 하라고 니들 나가면 나 암걸려 뒤져 시발,http://www.youtube.com/channel/UC4qMzW1mO0EyplPmEj1X-5Q,0,game,0
181,-DeStUcaA7s,1,은디,ㅠㅠ 고마워요 대신 전해주셔서,ㅠㅠ 고마워요 대신 전해주셔서,http://www.youtube.com/channel/UCqIDu_cCFe0O_Ns3DPaLbMw,0,game,0
182,-DeStUcaA7s,1,마파게티,"1,4 탈락할때 전기 욕하면서 드립치는거 개웃겼네..ㅋㅋ 파이 많이 미웠지만 그래도 이 영상에선 뭔가 다 화목한모습이라 보기 좋았다... 그다음은 아니었지만..ㅠ","1,4 탈락할때 전기 욕하면서 드립치는거 개웃겼네..ㅋㅋ 파이 많이 미웠지만 그래도 이 영상에선 뭔가 다 화목한모습이라 보기 좋았다... 그다음은 아니었지만..ㅠ",http://www.youtube.com/channel/UCtcmMoA7wW6PXT8y3I3Aj2Q,4,game,0
183,-DeStUcaA7s,0,박동민,"<a href=""https://www.youtube.com/watch?v=-DeStUcaA7s&amp;t=39m50s"">39:50</a> 시체매너 ㅋㅋㅋㅋㅋㅋㅋㅋㅋㅋㅋㅋㅋㅅㅂ 개웃기노 ㅋㅋㅋㅋㅋㅋ",39:50 시체매너 ㅋㅋㅋㅋㅋㅋㅋㅋㅋㅋㅋㅋㅋㅅㅂ 개웃기노 ㅋㅋㅋㅋㅋㅋ,http://www.youtube.com/channel/UC_Lu6Lmjx5x-oKmnhPffyag,9,game,0
184,-DeStUcaA7s,0,Sw U,"<a href=""https://www.youtube.com/watch?v=-DeStUcaA7s&amp;t=33m54s"">33:54</a>  프로방송인과 여캠의차이",33:54  프로방송인과 여캠의차이,http://www.youtube.com/channel/UCZGwH-IZQHLJ1EjSqaRpUmw,192,game,0
185,-DeStUcaA7s,1,박정훈,역캠이지,역캠이지,http://www.youtube.com/channel/UCz6teEOOgSLDmOWE4fUYAXw,2,game,0
186,-DeStUcaA7s,0,박승희,"<a href=""https://www.youtube.com/watch?v=-DeStUcaA7s&amp;t=1m02s"">1:02</a> 물소가이의 뜻을 알게 된 가오가이ㅋㅋㅋㅋ",1:02 물소가이의 뜻을 알게 된 가오가이ㅋㅋㅋㅋ,http://www.youtube.com/channel/UCLuW78EiSiycpqu3eBUiP-A,39,game,0
187,-DeStUcaA7s,1,벌꿀오소리,지금 폭탄돌리기에서 자기언급하면 스윗한남 물소가이 아니라 ㄱㅅㄲ가 뭔지 보여준다고함<br />언급하면 물개가 될듯,"지금 폭탄돌리기에서 자기언급하면 스윗한남 물소가이 아니라 ㄱㅅㄲ가 뭔지 보여준다고함
언급하면 물개가 될듯",http://www.youtube.com/channel/UCmuJOH3UARtYZpkrrOGqWGA,0,game,0
188,-DeStUcaA7s,1,김선우,보빨러 버팔러 물소,보빨러 버팔러 물소,http://www.youtube.com/channel/UC608JbhbB8MElX0VkmIbegg,2,game,0
189,-DeStUcaA7s,1,맞춤법,그래서 물소 뜻이 뭐죠?,그래서 물소 뜻이 뭐죠?,http://www.youtube.com/channel/UC2yqV5D6ymZMLKrJOYoBtjQ,0,game,0
190,-DeStUcaA7s,0,le le,"<a href=""https://www.youtube.com/watch?v=-DeStUcaA7s&amp;t=52m45s"">52:45</a><br />혁준이 웃음 행복하다 ㅋㅋㅋ","52:45
혁준이 웃음 행복하다 ㅋㅋㅋ",http://www.youtube.com/channel/UCTKXioRZr47xA0iUzbJCvvQ,2,game,0
191,-DeStUcaA7s,0,두둥등장,혁준아 전기야 꽃길만 걷자 !!,혁준아 전기야 꽃길만 걷자 !!,http://www.youtube.com/channel/UC07baAXH39YZtRO1CQoQ8Og,9,game,0
192,-DeStUcaA7s,0,함힉,"<a href=""https://www.youtube.com/watch?v=-DeStUcaA7s&amp;t=2m32s"">2:32</a> 세탁기를 집에 두겠다?",2:32 세탁기를 집에 두겠다?,http://www.youtube.com/channel/UCq2jIFLkYp5GEU8sd0ev1ag,6,game,0
193,-DeStUcaA7s,0,마법의소라고동,"<a href=""https://www.youtube.com/watch?v=-DeStUcaA7s&amp;t=50m17s"">50:17</a> 와.. ㅇㄹㄹ가 원주율까지 감시하는거구나..",50:17 와.. ㅇㄹㄹ가 원주율까지 감시하는거구나..,http://www.youtube.com/channel/UCWTddkHMUKpaDfVto0Pk51g,174,game,0
194,-DeStUcaA7s,1,없섭,와 존나 무섭다,와 존나 무섭다,http://www.youtube.com/channel/UCZ-FepIawe8uY4ZwkNrfdZw,1,game,0
195,-DeStUcaA7s,1,Geunhye PAK,타인은 지옥이다 왕눈이인줄,타인은 지옥이다 왕눈이인줄,http://www.youtube.com/channel/UCa76pSews1C6wIdTRPfWSSQ,0,game,0
196,-DeStUcaA7s,1,12 3,이정도면 정신병이야,이정도면 정신병이야,http://www.youtube.com/channel/UCdg7pPl3i4i8-bSPfALqoYQ,1,game,0
197,-DeStUcaA7s,1,내안에잠든어둠.,아니 무슨 공포영화같아시발ㅋㅋㅋㅋㅋ..ㅈ나소름이다,아니 무슨 공포영화같아시발ㅋㅋㅋㅋㅋ..ㅈ나소름이다,http://www.youtube.com/channel/UC18XhBGykPJtc2ZJXdl6Oqw,11,game,0
198,-DeStUcaA7s,1,하져,대박,대박,http://www.youtube.com/channel/UCNM7rzWgOw2w2tKiEAYwQqg,3,game,0
199,-DeStUcaA7s,0,이준혁,"<a href=""https://www.youtube.com/watch?v=-DeStUcaA7s&amp;t=53m30s"">53:30</a> 여기 전기 존나 웃는데 다들 가만잇으니까 옆에 눈치보고 그만웃는게 개웃기네 ㅋㅋ",53:30 여기 전기 존나 웃는데 다들 가만잇으니까 옆에 눈치보고 그만웃는게 개웃기네 ㅋㅋ,http://www.youtube.com/channel/UCm88feig3yr08SB-nIlr-Tw,154,game,0
200,-DeStUcaA7s,1,은지원눈썹,입꾹닫ㅋㅋㅋ,입꾹닫ㅋㅋㅋ,http://www.youtube.com/channel/UChL818K4Iv8pQuKxsAw6DRg,0,game,0
201,-DeStUcaA7s,1,hs Kyung,ㅋㅋㅋㅋㅋㅋㅋ전기 귀요미,ㅋㅋㅋㅋㅋㅋㅋ전기 귀요미,http://www.youtube.com/channel/UCwf_ySxcoaBNf3HnX2RNW2g,1,game,0
202,-DeStUcaA7s,0,Sorry memm,한부분 모자이크좀 부탁합니다..,한부분 모자이크좀 부탁합니다..,http://www.youtube.com/channel/UCCmRU93Cnu9YzbP2ZxyFfww,2359,game,0
203,-DeStUcaA7s,1,김용갈,ㅋㅋㅋㅋ그러고보니 ㄹㅇ맨왼쪽은 쳐다도 안봣네,ㅋㅋㅋㅋ그러고보니 ㄹㅇ맨왼쪽은 쳐다도 안봣네,http://www.youtube.com/channel/UCjjpGgsJliQ8y3L97tqSq7g,0,game,0
204,-DeStUcaA7s,1,라장군,파자이크 시급함 ㄹㅇ,파자이크 시급함 ㄹㅇ,http://www.youtube.com/channel/UCijep9MgIhnrJC5DuntoLiA,0,game,0
205,-DeStUcaA7s,1,오뎅,원자이크,원자이크,http://www.youtube.com/channel/UCwwf9ywbUNjEKe2onotSkRQ,0,game,0
206,-DeStUcaA7s,1,끝말잇기,@s k 야쓰 파이 섹쓰,@s k 야쓰 파이 섹쓰,http://www.youtube.com/channel/UCZxajupCS7z9DJHlQvkwByQ,0,game,0
207,-DeStUcaA7s,1,호롤롤루,@host g 공감능력이랑 지능이랑 연관된계 너를보여주면 바로증명ㅋ 진짜 모자이크를 부탁하는거겠냐..? 그리고 모자이크하는거  많이가는거 누가모르냐..제발..분위기 파악하고..ㅋㅋ너혼자 모자이크 손많이가는거 아는게아니니까..제발 가만히!ㅜㅠ,@host g 공감능력이랑 지능이랑 연관된계 너를보여주면 바로증명ㅋ 진짜 모자이크를 부탁하는거겠냐..? 그리고 모자이크하는거  많이가는거 누가모르냐..제발..분위기 파악하고..ㅋㅋ너혼자 모자이크 손많이가는거 아는게아니니까..제발 가만히!ㅜㅠ,http://www.youtube.com/channel/UCK1cVCEGr5Ld3kQv85p0pQw,1,game,0
208,-DeStUcaA7s,0,노수빈,와 이번 합방은 진짜 숨막힌다ㅋㅋㅋ,와 이번 합방은 진짜 숨막힌다ㅋㅋㅋ,http://www.youtube.com/channel/UCp9fYPDwhAJ_uLu0iX-EgsA,6,game,0
209,-DeStUcaA7s,0,이창희,"<a href=""https://www.youtube.com/watch?v=-DeStUcaA7s&amp;t=51m17s"">51:17</a> 전기가 진짜 예리한게 여기서 딱 멈추고 이럴 이유가 있냐 물어봤네 ㅋㅋ이해가 안간거지 보통 사람생각으론 &quot;같은 팀인데 떨어트릴 이유가 있어요?&quot; 하지만 이때까진 몰랐지...이미 자기네들끼리 n빵 해가지고 나눠먹는걸로 말을 다 맞춰놨다는걸 ㅋㅋㅋㅋㅋ 진짜 파이가 역겨운게 저렇게 당사자들 앞에서도 구라를 치면서 뻔뻔하게 &quot;아 뭐~ 2번3번 떨어뜨리면 나머지 한명이 트롤짓할수있으니깐요~&quot; 하면서 머리쓴척 ㅋㅋㅋㅋㅋㅋ진짜 역겹다 ㅅㅂㅋㅋㅋㅋ","51:17 전기가 진짜 예리한게 여기서 딱 멈추고 이럴 이유가 있냐 물어봤네 ㅋㅋ이해가 안간거지 보통 사람생각으론 ""같은 팀인데 떨어트릴 이유가 있어요?"" 하지만 이때까진 몰랐지...이미 자기네들끼리 n빵 해가지고 나눠먹는걸로 말을 다 맞춰놨다는걸 ㅋㅋㅋㅋㅋ 진짜 파이가 역겨운게 저렇게 당사자들 앞에서도 구라를 치면서 뻔뻔하게 ""아 뭐~ 2번3번 떨어뜨리면 나머지 한명이 트롤짓할수있으니깐요~"" 하면서 머리쓴척 ㅋㅋㅋㅋㅋㅋ진짜 역겹다 ㅅㅂㅋㅋㅋㅋ",http://www.youtube.com/channel/UC0-uUGVRtUt4niJXK3b3t9A,244,game,0
210,-DeStUcaA7s,1,아얀,그는 또 빛납니다,그는 또 빛납니다,http://www.youtube.com/channel/UCQhx6Mqbmh0r22rcqzezFRA,0,game,0
211,-DeStUcaA7s,1,분신,N빵 몰랐으면 이거도 이해안됐을듯?,N빵 몰랐으면 이거도 이해안됐을듯?,http://www.youtube.com/channel/UCfwud9KNZsx41037ybQoexg,0,game,0
212,-DeStUcaA7s,1,따라티B,"5번 8번 떨구고 혼자 상금 독식하려다가.. 그냥 5,8살려주고 이미지 관리하면서  n빵 하는걸 선택","5번 8번 떨구고 혼자 상금 독식하려다가.. 그냥 5,8살려주고 이미지 관리하면서  n빵 하는걸 선택",http://www.youtube.com/channel/UCryi1cuV4bhCM-A_Kqa9aSQ,0,game,0
213,-DeStUcaA7s,1,이창희,+) 머니게임이 끝난지 이미 수개월이 지났는데 저 N빵 주동자들은 입 꾹 닫고 5화전까지 신나게 리뷰하고 돌아다녔다는게 더 역겹다고 생각함 ㅋㅋㅋ 그리고 오히려 전공듀오가 나락갈거라고 했다는게 ㅋㅋㅋ진짜 까면깔수록 더 역겹네 취두부도 이렇게까지 역겹진않을듯,+) 머니게임이 끝난지 이미 수개월이 지났는데 저 N빵 주동자들은 입 꾹 닫고 5화전까지 신나게 리뷰하고 돌아다녔다는게 더 역겹다고 생각함 ㅋㅋㅋ 그리고 오히려 전공듀오가 나락갈거라고 했다는게 ㅋㅋㅋ진짜 까면깔수록 더 역겹네 취두부도 이렇게까지 역겹진않을듯,http://www.youtube.com/channel/UC0-uUGVRtUt4niJXK3b3t9A,10,game,0
214,-DeStUcaA7s,1,영지,ㅆㅇㅈ,ㅆㅇㅈ,http://www.youtube.com/channel/UC72bWzlRZq4Z2AeX228Jd8A,0,game,0
215,-DeStUcaA7s,0,TAE RA KIM,"개웃긴게 전기예언 다맞네<br />&quot;남자는 멸종해요,산범아 너는 여자들이랑 같이가면 떨어질수밖에 없어&quot;","개웃긴게 전기예언 다맞네
""남자는 멸종해요,산범아 너는 여자들이랑 같이가면 떨어질수밖에 없어""",http://www.youtube.com/channel/UC4qMzW1mO0EyplPmEj1X-5Q,110,game,0
216,-DeStUcaA7s,0,양양,"<a href=""https://www.youtube.com/watch?v=-DeStUcaA7s&amp;t=0m08s"">0:08</a> 그니까 존나 웅옹앜~예~",0:08 그니까 존나 웅옹앜~예~,http://www.youtube.com/channel/UChgrkoXrspSzeq_GW5dkUSw,64,game,0
217,-DeStUcaA7s,1,윤윤윤,ㅋㅋㅋㅋㅋㅋㅋㅋ개웃겨,ㅋㅋㅋㅋㅋㅋㅋㅋ개웃겨,http://www.youtube.com/channel/UCmQRJsXtGTNm1Q3D11H3sOA,0,game,0
218,-DeStUcaA7s,1,김용갈,ㅋㅋㅋㅋㅋ개웃기넼ㅋㅋ,ㅋㅋㅋㅋㅋ개웃기넼ㅋㅋ,http://www.youtube.com/channel/UCjjpGgsJliQ8y3L97tqSq7g,0,game,0
219,-DeStUcaA7s,1,김다은,아ㅠ너무 웃겨서 계속 돌려보고있어요,아ㅠ너무 웃겨서 계속 돌려보고있어요,http://www.youtube.com/channel/UCGXzZrOdhbitryzWSP2ZJog,0,game,0
220,-DeStUcaA7s,1,김다은,ㅋㄱㅋㄱㄱ ㅋㄱㄱㄱㄱㄱㄱㄱㄱㄱㅋ,ㅋㄱㅋㄱㄱ ㅋㄱㄱㄱㄱㄱㄱㄱㄱㄱㅋ,http://www.youtube.com/channel/UCGXzZrOdhbitryzWSP2ZJog,0,game,0
221,-DeStUcaA7s,0,조해순,그 원주율 졸렬하게 다시보기 삭제해서 못봤는데 혁준이가 다시 올려줬네 사랑한다 혁준아 역시 혁준이가 가장 사랑스럽다,그 원주율 졸렬하게 다시보기 삭제해서 못봤는데 혁준이가 다시 올려줬네 사랑한다 혁준아 역시 혁준이가 가장 사랑스럽다,http://www.youtube.com/channel/UCIHG1blCQO9zsqb8UyuBE-g,1388,game,0
222,-DeStUcaA7s,1,런호,ㅇㅈㅋㅋㅋ혁준이가 최고다,ㅇㅈㅋㅋㅋ혁준이가 최고다,http://www.youtube.com/channel/UC_uM0gAWyJD3SVF80XUD6UQ,0,game,0
223,-DeStUcaA7s,1,중딩,원주율ㅋㅋㅋㅋㅋㅋ,원주율ㅋㅋㅋㅋㅋㅋ,http://www.youtube.com/channel/UCvXg2EETPux9XuY7FsYRO1Q,0,game,0
224,-DeStUcaA7s,1,우주하마,@주 전기 그 와중에 녹화본 달라했단거 ㅈㄴ 웃겼는데 ㅋㅋㅋ,@주 전기 그 와중에 녹화본 달라했단거 ㅈㄴ 웃겼는데 ㅋㅋㅋ,http://www.youtube.com/channel/UC1wTF485-Y0ol52sA_zknpw,2,game,0
225,-DeStUcaA7s,1,구본기,파이가 영상 주기로함,파이가 영상 주기로함,http://www.youtube.com/channel/UCpPaI9aukdGKA0fTEfzrvtA,0,game,0
226,-DeStUcaA7s,1,ᄋᄋ,ㅋㅋㅋㅋ진짜 끝까지 졸렬,ㅋㅋㅋㅋ진짜 끝까지 졸렬,http://www.youtube.com/channel/UCDtBhOmLZFf4ns3Nt6VOROw,2,game,0
227,-DeStUcaA7s,0,ᄏ,"<a href=""https://www.youtube.com/watch?v=-DeStUcaA7s&amp;t=23m58s"">23:58</a> 와 이것도 이루리가 누른거네...",23:58 와 이것도 이루리가 누른거네...,http://www.youtube.com/channel/UCvHw-5rl5_FeFKpS-3yCR2w,11,game,0
228,-DeStUcaA7s,1,ᄋᄋ,@야구 저게 당연한거냐 돈에 완전히 눈이먼 새기지 게다가 남들다 돈이급해서 나오는데 저샛기는 혼자 &#39;&#39;아...저금해야죠&#39;&#39;ㅇㅈㄹ 하더만,@야구 저게 당연한거냐 돈에 완전히 눈이먼 새기지 게다가 남들다 돈이급해서 나오는데 저샛기는 혼자 ''아...저금해야죠''ㅇㅈㄹ 하더만,http://www.youtube.com/channel/UCTBr9cvYFQSxzPBXAh-vcMA,0,game,0
229,-DeStUcaA7s,1,ᄏ,"@야구 사람들이 <a href=""https://www.youtube.com/watch?v=-DeStUcaA7s&amp;t=20m23s"">20:23</a> 나오는거보고 이루리 소름 뭐 어쩌고 하길래 보고있다가 나중에 저것도 제일 빨리 조용히 눌러버리고 전에 귓속말로 퇴소 얘기도 먼저 꺼내길래 순간순간 행동이 참 빠릿하구나 하고 혼자 놀랐는데 뭘 당연하대ㅋㅋㅋㅋ 좀 놀라면 안되는거냐ㅋㅋㅋㅋ 일단 왜 놀라냐해서 이유는 말해 봄",@야구 사람들이 20:23 나오는거보고 이루리 소름 뭐 어쩌고 하길래 보고있다가 나중에 저것도 제일 빨리 조용히 눌러버리고 전에 귓속말로 퇴소 얘기도 먼저 꺼내길래 순간순간 행동이 참 빠릿하구나 하고 혼자 놀랐는데 뭘 당연하대ㅋㅋㅋㅋ 좀 놀라면 안되는거냐ㅋㅋㅋㅋ 일단 왜 놀라냐해서 이유는 말해 봄,http://www.youtube.com/channel/UCvHw-5rl5_FeFKpS-3yCR2w,3,game,0
230,-DeStUcaA7s,1,야구,그건 왜 놀라ㅋㅋㅋㅋ 당연한거 아니냐,그건 왜 놀라ㅋㅋㅋㅋ 당연한거 아니냐,http://www.youtube.com/channel/UC-0EIuj17468yNwYRHX_--w,0,game,0
231,-DeStUcaA7s,0,백승현,혁준이형 사랑해 전기도 사랑해 풀버전인줄 알았는데 사이사이 다 편집 해줬네 사랑해래ㅐㅐㅐㅐㅐㅐ,혁준이형 사랑해 전기도 사랑해 풀버전인줄 알았는데 사이사이 다 편집 해줬네 사랑해래ㅐㅐㅐㅐㅐㅐ,http://www.youtube.com/channel/UCFsbFi8FMKPEc0nuuqeVCVQ,2,game,0
232,-DeStUcaA7s,0,김혜미,"<a href=""https://www.youtube.com/watch?v=-DeStUcaA7s&amp;t=37m42s"">37:42</a> 이와중에 생리탓까지 완벽하다",37:42 이와중에 생리탓까지 완벽하다,http://www.youtube.com/channel/UCsudiY12bzG87Kjw1ebYkog,55,game,0
233,-DeStUcaA7s,1,You prime,@냥냥 이와중에 생리탓까지 완벽하다에 댓글 단건데 님이 중간에 끼어들어서 시비걸고 쿵 짝을 다하시네요 대단하십니다,@냥냥 이와중에 생리탓까지 완벽하다에 댓글 단건데 님이 중간에 끼어들어서 시비걸고 쿵 짝을 다하시네요 대단하십니다,http://www.youtube.com/channel/UC0t7FfEVrf8xy5w6oKtEc4g,0,game,0
234,-DeStUcaA7s,1,냥냥,@You prime 어느 맥락에서 파이님이 나 생리하니깐 이해해줘 배려해줘 라고 들리셨나요?,@You prime 어느 맥락에서 파이님이 나 생리하니깐 이해해줘 배려해줘 라고 들리셨나요?,http://www.youtube.com/channel/UCJ5WNjgOur_SkReANbWQSOQ,0,game,0
235,-DeStUcaA7s,1,냥냥,@Sop Du ㅋㅋ 트위터 안합니다.,@Sop Du ㅋㅋ 트위터 안합니다.,http://www.youtube.com/channel/UCJ5WNjgOur_SkReANbWQSOQ,0,game,0
236,-DeStUcaA7s,1,Sop Du,@냥냥 트펨어서오고~,@냥냥 트펨어서오고~,http://www.youtube.com/channel/UC1___XM82koYaSzmSQ12ICQ,0,game,0
237,-DeStUcaA7s,1,You prime,@냥냥 생리를 해서 힘들것같다 그래서 그걸 이해해달라 그에대한 대화내용이고 정확히 확인하고 말하세요. 뜬금없는건 님이네요. 생리를 해서 힘든걸 왜 타인이 이해하고 배려해줘야하는지에대한 이야기입니다. 그에대한 사회 분위기를 말씀 드리는거구요. 트위터는 뭔이야기입니까? 트위터하세요?,@냥냥 생리를 해서 힘들것같다 그래서 그걸 이해해달라 그에대한 대화내용이고 정확히 확인하고 말하세요. 뜬금없는건 님이네요. 생리를 해서 힘든걸 왜 타인이 이해하고 배려해줘야하는지에대한 이야기입니다. 그에대한 사회 분위기를 말씀 드리는거구요. 트위터는 뭔이야기입니까? 트위터하세요?,http://www.youtube.com/channel/UC0t7FfEVrf8xy5w6oKtEc4g,0,game,0
238,-DeStUcaA7s,0,김제리,가오가이 너무 호감이다ㅋㅋㅋㅋㅋㅋㅋㅋㅋㅋㅋㅋㅋㅋㅋㅋㅋㅋㅋㅋㅋㅋㅋㅋ 인간관계에선 가오안잡는 저 인성,가오가이 너무 호감이다ㅋㅋㅋㅋㅋㅋㅋㅋㅋㅋㅋㅋㅋㅋㅋㅋㅋㅋㅋㅋㅋㅋㅋㅋ 인간관계에선 가오안잡는 저 인성,http://www.youtube.com/channel/UCI5Lg-TOv7rxqci60dabpGA,43,game,0
239,-DeStUcaA7s,0,심연,아 원주율 ㅈㄴ 억지로 웃는 척 하는 거 개웃기네 ㅋㅋㅋㅋㅋㅋㅋ,아 원주율 ㅈㄴ 억지로 웃는 척 하는 거 개웃기네 ㅋㅋㅋㅋㅋㅋㅋ,http://www.youtube.com/channel/UCn_oONHJAXeymG9Ot56HOGA,570,game,0
240,-DeStUcaA7s,1,나의 연결너와,세탁 역겨움,세탁 역겨움,http://www.youtube.com/channel/UCqCigP049F9wMGaO6G9vGyw,1,game,0
241,-DeStUcaA7s,1,공항도둑vs파이 영상 내채널에 있어요,ㅅㅅㅅ1,ㅅㅅㅅ1,http://www.youtube.com/channel/UCRCQkKuIYcHeL_o6BdKwq8w,0,game,0
242,-DeStUcaA7s,1,이로,원주율 미친ㅋㅋ,원주율 미친ㅋㅋ,http://www.youtube.com/channel/UCVlXtvs88Wpxw3GFwGgnTxA,0,game,0
243,-DeStUcaA7s,1,현직여고생마루쉐,재롱이귀엽,재롱이귀엽,http://www.youtube.com/channel/UC6-WDsRYpc4GAkU2rUKMr4g,4,game,0
244,-DeStUcaA7s,1,백종원,ㄴㅋㅋㅋㅋㅋㅋㅋㅋㅋ,ㄴㅋㅋㅋㅋㅋㅋㅋㅋㅋ,http://www.youtube.com/channel/UCx1o3cdkkryHD2ml1OhuFNw,1,game,0
245,-DeStUcaA7s,0,- Law,이 방송 이후에 뿜파이는 뒤통수를 치게 되는데,이 방송 이후에 뿜파이는 뒤통수를 치게 되는데,http://www.youtube.com/channel/UCK2nYFFj5VN5boDD_hsPgUQ,4,game,0
246,-DeStUcaA7s,0,각성찬,이 쯤되면 전공듀오 세탁 성공률 0% 아니냐ㅋㅋㅋ,이 쯤되면 전공듀오 세탁 성공률 0% 아니냐ㅋㅋㅋ,http://www.youtube.com/channel/UC6UUx0b4euiuztnylw1zizw,46,game,0
247,-DeStUcaA7s,1,기끼기,세탁기에서 뛰쳐나와서는 부수는데 ㅋㅋㅋㅋㅋ,세탁기에서 뛰쳐나와서는 부수는데 ㅋㅋㅋㅋㅋ,http://www.youtube.com/channel/UC5BIJ6lj9NTjEdYm7ZLbu4A,0,game,0
248,-DeStUcaA7s,1,섹스를알려주겠다,@안재훈 ㅋㅋ 바로 손절 쳐야지 애꿎은 세탁기가 부서지겠노,@안재훈 ㅋㅋ 바로 손절 쳐야지 애꿎은 세탁기가 부서지겠노,http://www.youtube.com/channel/UClTPCGqqVWmDBTxq8_wyz7g,0,game,0
249,-DeStUcaA7s,1,박인성,@안재훈 바위 ㅋㅋㅋㅋㅋㅋㅋㅋㅋㅋㅋㅋㅋ,@안재훈 바위 ㅋㅋㅋㅋㅋㅋㅋㅋㅋㅋㅋㅋㅋ,http://www.youtube.com/channel/UCoRQOnexAiHwauYEzbhzNGw,0,game,0
250,-DeStUcaA7s,1,안재훈,근데 세탁기 성능은 좋음 ㅋㅋ 거기다 바위넣고 돌려서 그러지,근데 세탁기 성능은 좋음 ㅋㅋ 거기다 바위넣고 돌려서 그러지,http://www.youtube.com/channel/UCeZC61NJLf1risY5RzcZXLg,22,game,0
251,-DeStUcaA7s,0,마동석,이러고 바로 전기 저격해서 묻어버리려고 했다는게ㄷㄷㄷㄷ,이러고 바로 전기 저격해서 묻어버리려고 했다는게ㄷㄷㄷㄷ,http://www.youtube.com/channel/UCk7f2L_KkUcnIQW9b80Wo6Q,9,game,0
252,-DeStUcaA7s,1,winter Yolo,정신과 약을 3.14도 먹어야 되는거 아닌가? 무슨 사이코도 아니고...,정신과 약을 3.14도 먹어야 되는거 아닌가? 무슨 사이코도 아니고...,http://www.youtube.com/channel/UCz1ObYPOgVqnreHrsKNrEfg,0,game,0
253,-DeStUcaA7s,0,곰돌이,썸넬 공혁준 진짜 재밌게 웃네ㅋㅋㅋㅋㅋㅋㅋㅋㅋㅋㅋㅋㅋ나까지 기분 좋아지는 웃음임ㅋㅋㅋㅌㅋㅋㅌ,썸넬 공혁준 진짜 재밌게 웃네ㅋㅋㅋㅋㅋㅋㅋㅋㅋㅋㅋㅋㅋ나까지 기분 좋아지는 웃음임ㅋㅋㅋㅌㅋㅋㅌ,http://www.youtube.com/channel/UC4k4vLZxzBnWFGXWHfPga_g,14,game,0
254,-DeStUcaA7s,1,박지우,원주율만 억지웃음ㅋㅋ,원주율만 억지웃음ㅋㅋ,http://www.youtube.com/channel/UC7er4WHAL24nc97UQ7Xjn6w,1,game,0
255,-DeStUcaA7s,0,ᄋᄋ,이 합방 후에 얼마 안있다가 녹취록 푼다고 했던 게 ㄹㅇ 소름임,이 합방 후에 얼마 안있다가 녹취록 푼다고 했던 게 ㄹㅇ 소름임,http://www.youtube.com/channel/UCOZRbeESInGBsyiXCw-rNRw,1726,game,0
256,-DeStUcaA7s,1,너깔봤지?,@빵뿡 전기랑 같이하다가 나머지 두명와서  이 영상찍은거,@빵뿡 전기랑 같이하다가 나머지 두명와서  이 영상찍은거,http://www.youtube.com/channel/UC5q4JYd_escO6qC7hu0yk2g,0,game,0
257,-DeStUcaA7s,1,Strength,@허니꾸르잼 그래서 지원군<br />타령했구나 쉬펄ㄱㄱㅋㅋㅋ,"@허니꾸르잼 그래서 지원군
타령했구나 쉬펄ㄱㄱㅋㅋㅋ",http://www.youtube.com/channel/UCUseRQiSJxio_bTFibfUTQg,0,game,0
258,-DeStUcaA7s,1,Sa tan,@Strength ㄹㅇㅋㅋ 한수 배워감ㅋㅋㅋ,@Strength ㄹㅇㅋㅋ 한수 배워감ㅋㅋㅋ,http://www.youtube.com/channel/UCoTExRkQbMIhki0tb8743Pg,0,game,0
259,-DeStUcaA7s,1,이이,@빵뿡 이거 1시간뒤에 바로 그런거임,@빵뿡 이거 1시간뒤에 바로 그런거임,http://www.youtube.com/channel/UCop2ZTWzteH50OBaWkGFKMw,0,game,0
260,-DeStUcaA7s,1,문죄은,걍 사이코패스야 진짜 말이 되냐 저런 인간은 또 처음봤음,걍 사이코패스야 진짜 말이 되냐 저런 인간은 또 처음봤음,http://www.youtube.com/channel/UCM7s22YJQBtC81wJs432tzg,2,game,0
261,-DeStUcaA7s,0,Donghwan Kim,와 이제 욕하기도 지친다... <br />그냥 나한테 이루리랑 파이 육지담은 사람 아님,"와 이제 욕하기도 지친다... 
그냥 나한테 이루리랑 파이 육지담은 사람 아님",http://www.youtube.com/channel/UCg0Yq8LAEUviVTKp_hB3eDg,7,game,0
262,-DeStUcaA7s,0,잉뿌,"파이 특:<br />-지가 정치질했을때-&gt;게임이니까~~뭐~~ㅇㅈㄹ <a href=""https://www.youtube.com/watch?v=-DeStUcaA7s&amp;t=42m10s"">42:10</a> <br />-남(혁준)이 투표권사서 공유명목으로 파이님한테 얘기했을때-&gt;개정색 개빡침 다 폭로후 깽판치기<br /><br />결론: 지가 정치질하는건 게임이니 가능. 남이 정치질하는꼴 못봄  = 지가 우승 or 유리해야하는걸 당연시여기는 내로남불.","파이 특:
-지가 정치질했을때->게임이니까~~뭐~~ㅇㅈㄹ 42:10 
-남(혁준)이 투표권사서 공유명목으로 파이님한테 얘기했을때->개정색 개빡침 다 폭로후 깽판치기

결론: 지가 정치질하는건 게임이니 가능. 남이 정치질하는꼴 못봄  = 지가 우승 or 유리해야하는걸 당연시여기는 내로남불.",http://www.youtube.com/channel/UCN9yXDjG_y42IuSN-KI3XJw,8,game,0
263,-DeStUcaA7s,0,히독,"<a href=""https://www.youtube.com/watch?v=-DeStUcaA7s&amp;t=50m22s"">50:22</a> 상금n빵 확정 이미지 챙기기 빌드업 시작",50:22 상금n빵 확정 이미지 챙기기 빌드업 시작,http://www.youtube.com/channel/UCBIqZtUoGTpmvwoTj88xfrQ,2,game,0
264,-DeStUcaA7s,0,크흠,파읍씨가 삭제했던데 여기서 볼 수 있다니..감사합니다 ㅠㅠ,파읍씨가 삭제했던데 여기서 볼 수 있다니..감사합니다 ㅠㅠ,http://www.youtube.com/channel/UCvfnPf4Jutq78JOmJG3axWQ,3,game,0
265,-DeStUcaA7s,0,moon tothe,남자들 성격 진짜 다들 천사다.. 아후..,남자들 성격 진짜 다들 천사다.. 아후..,http://www.youtube.com/channel/UCq9ByrTj1_cyythSadOHWDA,970,game,0
266,-DeStUcaA7s,1,12 3,@켄타찡 일반여자인 &#39;척&#39; 하잖아 ㅋㅋㅋㅋ,@켄타찡 일반여자인 '척' 하잖아 ㅋㅋㅋㅋ,http://www.youtube.com/channel/UCdg7pPl3i4i8-bSPfALqoYQ,0,game,0
267,-DeStUcaA7s,1,지겹다인생,@여성인권수호연맹 너무하시네 패미가 틀에 박혀서 여자는 왜 핑크여야만 하나요???,@여성인권수호연맹 너무하시네 패미가 틀에 박혀서 여자는 왜 핑크여야만 하나요???,http://www.youtube.com/channel/UClLWI_t-nDJ1VRrYxziPxZg,1,game,0
268,-DeStUcaA7s,1,캡틴코리아,@여성인권수호연맹  돌았네 ㅋㅋㅋㅋㅋㅋㅋ,@여성인권수호연맹  돌았네 ㅋㅋㅋㅋㅋㅋㅋ,http://www.youtube.com/channel/UCCtENwHInkAXNR65bzFt-3w,0,game,0
269,-DeStUcaA7s,1,정겨울,@여성인권수호연맹 이런데서 답글 달면서 욕먹지 말고 그냥 댓글을 다세요 좋아요 얼마나 처 받을지 궁금함 괜히 좋은 댓글에 똥 칠하지 말고 ㅋㅋㅋㅋㅋ,@여성인권수호연맹 이런데서 답글 달면서 욕먹지 말고 그냥 댓글을 다세요 좋아요 얼마나 처 받을지 궁금함 괜히 좋은 댓글에 똥 칠하지 말고 ㅋㅋㅋㅋㅋ,http://www.youtube.com/channel/UC5of2QnHXKv4YFK8CTeai_g,0,game,0
270,-DeStUcaA7s,1,한선,@여성인권수호연맹 ??? : 정신병이 얌마!,@여성인권수호연맹 ??? : 정신병이 얌마!,http://www.youtube.com/channel/UCNoE0ds5kNpn6iE_mF27pTg,0,game,0
271,-DeStUcaA7s,0,soap비누,6번 자진퇴소에 나갸르가 왜케 화낫엇나 이제알앗네,6번 자진퇴소에 나갸르가 왜케 화낫엇나 이제알앗네,http://www.youtube.com/channel/UCgBqDVk6MIeg2tsc3ZbNRDw,3,game,0
272,-DeStUcaA7s,0,똥치킨,진짜 공혁준이 가오가이한테 갔으면 어떻게 됐을까ㅋㅋ,진짜 공혁준이 가오가이한테 갔으면 어떻게 됐을까ㅋㅋ,http://www.youtube.com/channel/UC6OrjF1V_rXKHlWUHh0lDEA,46,game,0
273,-DeStUcaA7s,1,섹스를알려주겠다,ㅇㅇ 모든 비극의 시작이 6번한테 간거지 물소게이 아싸랑 디스전한거 보니깐 돈이 좀 많이 궁했던듯...<br /><br />진짜 연합에 넣어주고 확실한 몫 챙겨주면 영혼도 팔았을텐데,"ㅇㅇ 모든 비극의 시작이 6번한테 간거지 물소게이 아싸랑 디스전한거 보니깐 돈이 좀 많이 궁했던듯...

진짜 연합에 넣어주고 확실한 몫 챙겨주면 영혼도 팔았을텐데",http://www.youtube.com/channel/UClTPCGqqVWmDBTxq8_wyz7g,0,game,0
274,-DeStUcaA7s,1,약관서비스,그럼 ㅈㄴ 재밌었을듯,그럼 ㅈㄴ 재밌었을듯,http://www.youtube.com/channel/UC8EFthxQkym-LpYufk0uR4Q,4,game,0
275,-DeStUcaA7s,0,메모장 켜라,"<a href=""https://www.youtube.com/watch?v=-DeStUcaA7s&amp;t=12m59s"">12:59</a> 이제라도 알아서 다행입니다",12:59 이제라도 알아서 다행입니다,http://www.youtube.com/channel/UCMTjI3YGlb7-tfjltSylVkA,3,game,0
276,-DeStUcaA7s,0,Duke Yin,가오가이 이번에 여자한테 데인거 인생에 도움 될듯 ㅋㅋㅋㅋㅋㅋ,가오가이 이번에 여자한테 데인거 인생에 도움 될듯 ㅋㅋㅋㅋㅋㅋ,http://www.youtube.com/channel/UC3uDK615jwroZgnSzFvL8nQ,3,game,0
277,-DeStUcaA7s,0,조진우,세탁해주는 거처럼 보이지만 이렇게 불러놓고 조리돌림하면서 파이 부들대는거 박제해두는게 진흙탕 싸움하는 것보다 훨씬 똑똑한거임,세탁해주는 거처럼 보이지만 이렇게 불러놓고 조리돌림하면서 파이 부들대는거 박제해두는게 진흙탕 싸움하는 것보다 훨씬 똑똑한거임,http://www.youtube.com/channel/UCIijLOgOhoPmAe_JuOb-eqA,475,game,0
278,-DeStUcaA7s,1,임시현,@증생 ㅋㅋㅋㅋㅋㅋㅋㅋㅋㅋㅋㅋㅋㅋㅋㅋ,@증생 ㅋㅋㅋㅋㅋㅋㅋㅋㅋㅋㅋㅋㅋㅋㅋㅋ,http://www.youtube.com/channel/UCN9I6dGpcRFjl6k7GyKwQDQ,0,game,0
279,-DeStUcaA7s,1,증생,@짱짱도티 다노? 노? 신고합니노.,@짱짱도티 다노? 노? 신고합니노.,http://www.youtube.com/channel/UCPN-to4zcLnUuRgLxI8TNXw,1,game,0
280,-DeStUcaA7s,1,김건우,@짱짱도티 미친놈이네 생각없는 잼민이인가 그래서 몇명 낳음?,@짱짱도티 미친놈이네 생각없는 잼민이인가 그래서 몇명 낳음?,http://www.youtube.com/channel/UCQ698wH_N6VPKwWlmNmKYrw,1,game,0
281,-DeStUcaA7s,1,현동훈,@짱짱도티 다노게이야...,@짱짱도티 다노게이야...,http://www.youtube.com/channel/UC6Jnk1N1Ki30NwI63Cpdv_A,1,game,0
282,-DeStUcaA7s,1,감자 2,@복통령아들 ㅋㅋㅋㅋㅋㅋㅋㅌㅋ &#39;낳&#39; 실화냐 ㄹㅇ,@복통령아들 ㅋㅋㅋㅋㅋㅋㅋㅌㅋ '낳' 실화냐 ㄹㅇ,http://www.youtube.com/channel/UC9JNELkVTZ3zi1dsqkgxm3g,1,game,0
283,-DeStUcaA7s,0,이슬기,"<a href=""https://www.youtube.com/watch?v=-DeStUcaA7s&amp;t=50m15s"">50:15</a> 헐 감시하는거야? 루리?",50:15 헐 감시하는거야? 루리?,http://www.youtube.com/channel/UCfJxFQjGIsYP5b9tcXApovw,4,game,0
284,-DeStUcaA7s,0,내구독자수 일본망할확률,"<a href=""https://www.youtube.com/watch?v=-DeStUcaA7s&amp;t=50m10s"">50:10</a> 중요한부분을 편집했네",50:10 중요한부분을 편집했네,http://www.youtube.com/channel/UCJAlEgLlyJfbIbkZk7MpwUA,13,game,0
285,-DeStUcaA7s,1,던전에서 만나는사람들은 왜 싸우는걸까?,이장면 인성나오는데 ㅋㅋ,이장면 인성나오는데 ㅋㅋ,http://www.youtube.com/channel/UCqgmQNsSH6qwF6UVjoX-c-g,0,game,0
286,-DeStUcaA7s,0,Art Kim,파이 련 점점 역대급을 기록하네 ;;; 이번에 외국인 상대로 사기쳤던데,파이 련 점점 역대급을 기록하네 ;;; 이번에 외국인 상대로 사기쳤던데,http://www.youtube.com/channel/UCHdc_XKH9NaGdF9hQe3R4fA,3,game,0
287,-DeStUcaA7s,0,가나다,"<a href=""https://www.youtube.com/watch?v=-DeStUcaA7s&amp;t=5m16s"">5:16</a> ㅋㅋㅋㅋㅋㅋㅋㅋㅋ아 이거 존나 웃기네 물소가이형 성격 왜 이렇게 좋아보이냐",5:16 ㅋㅋㅋㅋㅋㅋㅋㅋㅋ아 이거 존나 웃기네 물소가이형 성격 왜 이렇게 좋아보이냐,http://www.youtube.com/channel/UC3Xb03_Pf4POFI7kdjbbIow,14,game,0
288,-DeStUcaA7s,0,ks m,진짜 욕할려던 마음도 싹 사라지네... 저 여자 3명은 이제 평생 가면쓰고 살아야할거같다... 남들 앞에서 얼굴도 못들고 다닐거 같으니까...,진짜 욕할려던 마음도 싹 사라지네... 저 여자 3명은 이제 평생 가면쓰고 살아야할거같다... 남들 앞에서 얼굴도 못들고 다닐거 같으니까...,http://www.youtube.com/channel/UCteSZZbBUIsowqySR3skGuw,574,game,0
289,-DeStUcaA7s,1,김광환,전두h도 살인마도 시간지나면잘사는 세상입니다금방 잊혀짐,전두h도 살인마도 시간지나면잘사는 세상입니다금방 잊혀짐,http://www.youtube.com/channel/UCVK6iLs9s4iK3rzkQDEgvfQ,0,game,0
290,-DeStUcaA7s,1,12 3,솔직히 n빵은 제작진이 생각못한 ㅈ같은상황이지 아니면 제작진도 말려들어간것이거나,솔직히 n빵은 제작진이 생각못한 ㅈ같은상황이지 아니면 제작진도 말려들어간것이거나,http://www.youtube.com/channel/UCdg7pPl3i4i8-bSPfALqoYQ,0,game,0
291,-DeStUcaA7s,1,No D,이미 가면쓰고 살고있음,이미 가면쓰고 살고있음,http://www.youtube.com/channel/UCHWdwy5AojFyloaa9kRkzaA,0,game,0
292,-DeStUcaA7s,1,ᄋᄋ,결혼 못하지 이제,결혼 못하지 이제,http://www.youtube.com/channel/UCDtBhOmLZFf4ns3Nt6VOROw,0,game,0
293,-DeStUcaA7s,1,이지우,이시국 최적화,이시국 최적화,http://www.youtube.com/channel/UC9Zg470aQyVm7uSV6L3fL7Q,0,game,0
294,-DeStUcaA7s,0,싱싱한싱크로나이즈드스위밍,"<a href=""https://www.youtube.com/watch?v=-DeStUcaA7s&amp;t=16m43s"">16:43</a> 그리고 진짜 적중해버림 ㄷㄷㄷ 갓호게이",16:43 그리고 진짜 적중해버림 ㄷㄷㄷ 갓호게이,http://www.youtube.com/channel/UCL2M3AQsZVCWD9kqGPpH8jw,66,game,0
295,-DeStUcaA7s,0,- sonny,이게 그 웃으며 배웅 후 뒷통수에 칼꼽기 직전 영상인가요?ㅋ,이게 그 웃으며 배웅 후 뒷통수에 칼꼽기 직전 영상인가요?ㅋ,http://www.youtube.com/channel/UC7QDRgnfd3yRo-oghNdyibg,3,game,0
296,-DeStUcaA7s,0,PAJAMA,"<a href=""https://www.youtube.com/watch?v=-DeStUcaA7s&amp;t=01m05s"">01:05</a> “자체 검열”",01:05 “자체 검열”,http://www.youtube.com/channel/UCbSaCT3fsdT7wPMictenVLw,1,game,0
297,-DeStUcaA7s,0,김씨짱구,"<a href=""https://www.youtube.com/watch?v=-DeStUcaA7s&amp;t=55m45s"">55:45</a> ㅋㅋㅋㅋㅋㅋㅋㅋㅋ뒤통수를갈겨가지고 ㅇㅈㄹㅋㅋㅋㅋㅋㅋㅋㅋㅋㅋㅋㅋㅋ",55:45 ㅋㅋㅋㅋㅋㅋㅋㅋㅋ뒤통수를갈겨가지고 ㅇㅈㄹㅋㅋㅋㅋㅋㅋㅋㅋㅋㅋㅋㅋㅋ,http://www.youtube.com/channel/UCT6N3R41_bRo2mTphxeySqg,16,game,0
298,-DeStUcaA7s,0,ᄆᄇ,가오가이 어제까지만 해도 물소가이라고 엄청 까였는데 N빵 폭로 터진 후 오히려 저런 악랄한 인간들 한테 농락당한게 불쌍해 보일 지경임 ㅋㅋㅋㅋㅋ,가오가이 어제까지만 해도 물소가이라고 엄청 까였는데 N빵 폭로 터진 후 오히려 저런 악랄한 인간들 한테 농락당한게 불쌍해 보일 지경임 ㅋㅋㅋㅋㅋ,http://www.youtube.com/channel/UCosfqRMNwLiub-Kif2HUYoQ,1555,game,0
299,-DeStUcaA7s,1,좋아,@킹마둥 능지가 발작버튼이었노 먼저 시비걸어 놓고 이렇게 탈탈털리면 어쩌자는거,@킹마둥 능지가 발작버튼이었노 먼저 시비걸어 놓고 이렇게 탈탈털리면 어쩌자는거,http://www.youtube.com/channel/UCBPMPOsAWkT4rOJtyV4DUiw,0,game,0
300,-DeStUcaA7s,1,킹마둥,@좋아 위에 어그로끌려고 개발악해도 아무도 안놀아주길래 불쌍해서 콕 찔렀더니 아주 무발ㄱ사정하네ㅋㅋ 육수장난감 ㅅㅌㅊ,@좋아 위에 어그로끌려고 개발악해도 아무도 안놀아주길래 불쌍해서 콕 찔렀더니 아주 무발ㄱ사정하네ㅋㅋ 육수장난감 ㅅㅌㅊ,http://www.youtube.com/channel/UCl93rmW120RU8VAMoWG0kuA,0,game,0
301,-DeStUcaA7s,1,좋아,@킹마둥 어그로라고 생각했으면 안끌려주면 되는건데 무지성으로 빽빽 질러대다 말문막히고 농락당하니 어그로드립으로 피할라하네  지능은 여자한테서 많이 유전된다고 하는데 음.. 아니다,@킹마둥 어그로라고 생각했으면 안끌려주면 되는건데 무지성으로 빽빽 질러대다 말문막히고 농락당하니 어그로드립으로 피할라하네  지능은 여자한테서 많이 유전된다고 하는데 음.. 아니다,http://www.youtube.com/channel/UCBPMPOsAWkT4rOJtyV4DUiw,0,game,0
302,-DeStUcaA7s,1,킹마둥,@좋아 ㅋㅋ어그로 티 ㅈㄴ나네 컨셉을 잡아도 개빡통으로 잡냐 어떤 인생인지 보인다,@좋아 ㅋㅋ어그로 티 ㅈㄴ나네 컨셉을 잡아도 개빡통으로 잡냐 어떤 인생인지 보인다,http://www.youtube.com/channel/UCl93rmW120RU8VAMoWG0kuA,0,game,0
303,-DeStUcaA7s,1,좋아,@킹마둥 단세포랑 지능배틀ㄱㄱ  나 프밍 할줄아는디 너 정도 뇌는 구현 가능할듯,@킹마둥 단세포랑 지능배틀ㄱㄱ  나 프밍 할줄아는디 너 정도 뇌는 구현 가능할듯,http://www.youtube.com/channel/UCBPMPOsAWkT4rOJtyV4DUiw,0,game,0
304,-DeStUcaA7s,0,조로조로,와 이거보면서 네이버 키고 물소 검색하고있는 내가 레전도..,와 이거보면서 네이버 키고 물소 검색하고있는 내가 레전도..,http://www.youtube.com/channel/UCF-a593xpElnY0ZOltTQk8Q,7,game,0
305,-DeStUcaA7s,0,Er Qw,물소가이 옆머리 크로마키 처리 개웃기네,물소가이 옆머리 크로마키 처리 개웃기네,http://www.youtube.com/channel/UCGFaWTZTs0gaA2jLC9W0i2Q,2,game,0
306,-DeStUcaA7s,0,이서윤,"<a href=""https://www.youtube.com/watch?v=-DeStUcaA7s&amp;t=7m43s"">7:43</a> 이때 산범님이 혁준님 손 깍지 껴서 잡으셨대요😏😏<br />진짜 호감 있으셨나 보다 너무 좋아🥰🤭","7:43 이때 산범님이 혁준님 손 깍지 껴서 잡으셨대요😏😏
진짜 호감 있으셨나 보다 너무 좋아🥰🤭",http://www.youtube.com/channel/UCCuSw25SEf4satJlEH2yxHQ,1,game,0
307,-DeStUcaA7s,0,이정현,"<a href=""https://www.youtube.com/watch?v=-DeStUcaA7s&amp;t=55m02s"">55:02</a> 이게 n빵 그거 아니냐 ㄷㄷ",55:02 이게 n빵 그거 아니냐 ㄷㄷ,http://www.youtube.com/channel/UCf1UCRmslcrg2c57J9cNwGw,25,game,0
